2,1
5,1
7,1
1,2
3,2
6,2
2,3
4,3
28,3
29,3
3,4
5,4
18,4
19,4
1,5
4,5
30,5
31,5
2,6
8,6
12,6
1,7
13,7
17,7
6,8
9,8
32,8
8,9
10,9
33,9
9,10
11,10
20,10
10,11
12,11
34,11
6,12
11,12
35,12
7,13
14,13
36,13
13,14
15,14
37,14
14,15
16,15
24,15
15,16
17,16
38,16
7,17
16,17
39,17
4,18
19,18
40,18
41,18
4,19
18,19
42,19
43,19
10,20
21,20
22,20
23,20
20,21
20,22
20,23
44,23
45,23
15,24
25,24
26,24
27,24
24,25
24,26
24,27
3,28
3,29
5,30
5,31
8,32
9,33
11,34
12,35
13,36
14,37
16,38
17,39
18,40
18,41
19,42
19,43
23,44
23,45
47,46
50,46
52,46
46,47
48,47
51,47
47,48
49,48
71,48
72,48
48,49
50,49
63,49
64,49
46,50
49,50
73,50
74,50
47,51
53,51
57,51
46,52
58,52
62,52
51,53
54,53
75,53
53,54
55,54
76,54
54,55
56,55
65,55
55,56
57,56
77,56
51,57
56,57
78,57
52,58
59,58
79,58
58,59
60,59
80,59
59,60
61,60
69,60
60,61
62,61
81,61
52,62
61,62
82,62
49,63
64,63
83,63
84,63
49,64
63,64
85,64
86,64
55,65
66,65
67,65
68,65
65,66
65,67
65,68
87,68
88,68
89,68
60,69
70,69
69,70
90,70
91,70
92,70
48,71
48,72
50,73
50,74
53,75
54,76
56,77
57,78
58,79
59,80
61,81
62,82
63,83
63,84
64,85
64,86
68,87
68,88
68,89
70,90
70,91
70,92
94,93
96,93
110,93
93,94
95,94
107,94
94,95
97,95
101,95
93,96
102,96
106,96
95,97
98,97
118,97
97,98
99,98
119,98
98,99
100,99
111,99
99,100
101,100
120,100
95,101
100,101
121,101
96,102
103,102
122,102
102,103
104,103
123,103
103,104
105,104
117,104
104,105
106,105
124,105
96,106
105,106
125,106
94,107
108,107
126,107
107,108
109,108
115,108
108,109
110,109
116,109
93,110
109,110
127,110
99,111
112,111
113,111
114,111
111,112
111,113
111,114
128,114
129,114
108,115
109,116
104,117
130,117
131,117
132,117
97,118
98,119
100,120
101,121
102,122
103,123
105,124
106,125
107,126
110,127
114,128
114,129
117,130
117,131
117,132
134,133
137,133
139,133
133,134
135,134
138,134
134,135
136,135
135,136
137,136
150,136
133,137
136,137
134,138
140,138
144,138
133,139
145,139
149,139
138,140
141,140
161,140
140,141
142,141
162,141
141,142
143,142
152,142
142,143
144,143
163,143
138,144
143,144
164,144
139,145
146,145
165,145
145,146
147,146
166,146
146,147
148,147
151,147
147,148
149,148
167,148
139,149
148,149
168,149
136,150
156,150
160,150
147,151
142,152
153,152
154,152
155,152
152,153
152,154
152,155
169,155
170,155
171,155
150,156
157,156
172,156
156,157
158,157
173,157
157,158
159,158
174,158
158,159
160,159
175,159
150,160
159,160
176,160
140,161
141,162
143,163
144,164
145,165
146,166
148,167
149,168
155,169
155,170
155,171
156,172
157,173
158,174
159,175
160,176
178,177
181,177
183,177
177,178
179,178
182,178
178,179
180,179
201,179
202,179
179,180
181,180
194,180
195,180
177,181
180,181
203,181
204,181
178,182
184,182
188,182
177,183
189,183
193,183
182,184
185,184
205,184
184,185
186,185
206,185
185,186
187,186
197,186
186,187
188,187
207,187
182,188
187,188
208,188
183,189
190,189
209,189
189,190
191,190
210,190
190,191
192,191
196,191
191,192
193,192
211,192
183,193
192,193
212,193
180,194
195,194
213,194
214,194
180,195
194,195
215,195
216,195
191,196
186,197
198,197
199,197
200,197
197,198
197,199
197,200
217,200
218,200
179,201
179,202
181,203
181,204
184,205
185,206
187,207
188,208
189,209
190,210
192,211
193,212
194,213
194,214
195,215
195,216
200,217
200,218
220,219
223,219
225,219
219,220
221,220
224,220
220,221
222,221
244,221
245,221
221,222
223,222
236,222
237,222
219,223
222,223
246,223
247,223
220,224
226,224
230,224
219,225
231,225
235,225
224,226
227,226
248,226
226,227
228,227
249,227
227,228
229,228
238,228
228,229
230,229
250,229
224,230
229,230
251,230
225,231
232,231
252,231
231,232
233,232
242,232
232,233
234,233
243,233
233,234
235,234
253,234
225,235
234,235
254,235
222,236
237,236
255,236
256,236
222,237
236,237
257,237
258,237
228,238
239,238
240,238
241,238
238,239
238,240
238,241
259,241
260,241
261,241
232,242
233,243
221,244
221,245
223,246
223,247
226,248
227,249
229,250
230,251
231,252
234,253
235,254
236,255
236,256
237,257
237,258
241,259
241,260
241,261
263,262
266,262
268,262
262,263
264,263
267,263
263,264
265,264
288,264
289,264
264,265
266,265
279,265
280,265
262,266
265,266
290,266
291,266
263,267
269,267
273,267
262,268
274,268
278,268
267,269
270,269
292,269
269,270
271,270
293,270
270,271
272,271
281,271
271,272
273,272
294,272
267,273
272,273
295,273
268,274
275,274
296,274
274,275
276,275
285,275
275,276
277,276
286,276
276,277
278,277
297,277
268,278
277,278
298,278
265,279
280,279
299,279
300,279
265,280
279,280
301,280
302,280
271,281
282,281
283,281
284,281
281,282
281,283
281,284
303,284
304,284
305,284
275,285
276,286
287,286
286,287
306,287
307,287
308,287
264,288
264,289
266,290
266,291
269,292
270,293
272,294
273,295
274,296
277,297
278,298
279,299
279,300
280,301
280,302
284,303
284,304
284,305
287,306
287,307
287,308
310,309
313,309
315,309
309,310
311,310
314,310
310,311
312,311
311,312
313,312
326,312
309,313
312,313
329,313
310,314
316,314
320,314
309,315
321,315
325,315
314,316
317,316
337,316
316,317
318,317
338,317
317,318
319,318
330,318
318,319
320,319
339,319
314,320
319,320
340,320
315,321
322,321
341,321
321,322
323,322
334,322
322,323
324,323
335,323
323,324
325,324
342,324
315,325
324,325
343,325
312,326
327,326
344,326
326,327
328,327
345,327
327,328
329,328
346,328
313,329
328,329
347,329
318,330
331,330
332,330
333,330
330,331
330,332
330,333
348,333
349,333
322,334
323,335
336,335
335,336
350,336
351,336
352,336
316,337
317,338
319,339
320,340
321,341
324,342
325,343
326,344
327,345
328,346
329,347
333,348
333,349
336,350
336,351
336,352
354,353
357,353
359,353
353,354
355,354
358,354
354,355
356,355
381,355
382,355
355,356
357,356
370,356
371,356
353,357
356,357
383,357
384,357
354,358
360,358
364,358
353,359
365,359
369,359
358,360
361,360
385,360
360,361
362,361
386,361
361,362
363,362
372,362
362,363
364,363
387,363
358,364
363,364
388,364
359,365
366,365
389,365
365,366
367,366
390,366
366,367
368,367
376,367
367,368
369,368
391,368
359,369
368,369
392,369
356,370
371,370
393,370
394,370
356,371
370,371
395,371
396,371
362,372
373,372
374,372
375,372
372,373
372,374
372,375
397,375
398,375
399,375
367,376
377,376
376,377
378,377
379,377
380,377
377,378
377,379
377,380
355,381
355,382
357,383
357,384
360,385
361,386
363,387
364,388
365,389
366,390
368,391
369,392
370,393
370,394
371,395
371,396
375,397
375,398
375,399
401,400
404,400
406,400
400,401
402,401
405,401
401,402
403,402
427,402
428,402
402,403
404,403
417,403
418,403
400,404
403,404
429,404
430,404
401,405
407,405
411,405
400,406
412,406
416,406
405,407
408,407
431,407
407,408
409,408
432,408
408,409
410,409
419,409
409,410
411,410
433,410
405,411
410,411
434,411
406,412
413,412
435,412
412,413
414,413
436,413
413,414
415,414
423,414
414,415
416,415
437,415
406,416
415,416
438,416
403,417
418,417
439,417
440,417
403,418
417,418
441,418
442,418
409,419
420,419
421,419
422,419
419,420
419,421
419,422
443,422
444,422
445,422
414,423
424,423
425,423
426,423
423,424
423,425
423,426
402,427
402,428
404,429
404,430
407,431
408,432
410,433
411,434
412,435
413,436
415,437
416,438
417,439
417,440
418,441
418,442
422,443
422,444
422,445
447,446
450,446
452,446
446,447
448,447
451,447
447,448
449,448
472,448
473,448
448,449
450,449
463,449
464,449
446,450
449,450
474,450
475,450
447,451
453,451
457,451
446,452
458,452
462,452
451,453
454,453
476,453
453,454
455,454
477,454
454,455
456,455
465,455
455,456
457,456
478,456
451,457
456,457
479,457
452,458
459,458
480,458
458,459
460,459
469,459
459,460
461,460
470,460
460,461
462,461
481,461
452,462
461,462
482,462
449,463
464,463
483,463
484,463
449,464
463,464
485,464
486,464
455,465
466,465
467,465
468,465
465,466
465,467
465,468
487,468
488,468
489,468
459,469
460,470
471,470
470,471
490,471
491,471
492,471
448,472
448,473
450,474
450,475
453,476
454,477
456,478
457,479
458,480
461,481
462,482
463,483
463,484
464,485
464,486
468,487
468,488
468,489
471,490
471,491
471,492
494,493
497,493
499,493
493,494
495,494
498,494
494,495
496,495
495,496
497,496
510,496
493,497
496,497
513,497
494,498
500,498
504,498
493,499
505,499
509,499
498,500
501,500
521,500
500,501
502,501
522,501
501,502
503,502
514,502
502,503
504,503
523,503
498,504
503,504
524,504
499,505
506,505
525,505
505,506
507,506
518,506
506,507
508,507
519,507
507,508
509,508
526,508
499,509
508,509
527,509
496,510
511,510
528,510
510,511
512,511
529,511
511,512
513,512
530,512
497,513
512,513
531,513
502,514
515,514
516,514
517,514
514,515
514,516
514,517
532,517
533,517
534,517
506,518
507,519
520,519
519,520
535,520
536,520
537,520
500,521
501,522
503,523
504,524
505,525
508,526
509,527
510,528
511,529
512,530
513,531
517,532
517,533
517,534
520,535
520,536
520,537
539,538
542,538
544,538
538,539
540,539
543,539
539,540
541,540
565,540
540,541
542,541
555,541
538,542
541,542
539,543
545,543
549,543
538,544
550,544
554,544
543,545
546,545
566,545
545,546
547,546
567,546
546,547
548,547
559,547
547,548
549,548
568,548
543,549
548,549
569,549
544,550
551,550
570,550
550,551
552,551
564,551
551,552
553,552
563,552
552,553
554,553
571,553
544,554
553,554
572,554
541,555
556,555
557,555
558,555
555,556
555,557
555,558
547,559
560,559
561,559
562,559
559,560
559,561
559,562
573,562
574,562
575,562
552,563
551,564
540,565
545,566
546,567
548,568
549,569
550,570
553,571
554,572
562,573
562,574
562,575
577,576
580,576
582,576
576,577
578,577
581,577
577,578
579,578
607,578
578,579
580,579
598,579
576,580
579,580
577,581
583,581
587,581
576,582
588,582
592,582
581,583
584,583
608,583
583,584
585,584
609,584
584,585
586,585
593,585
585,586
587,586
610,586
581,587
586,587
611,587
582,588
589,588
612,588
588,589
590,589
613,589
589,590
591,590
597,590
590,591
592,591
614,591
582,592
591,592
615,592
585,593
594,593
595,593
596,593
593,594
593,595
593,596
616,596
617,596
618,596
590,597
579,598
599,598
619,598
620,598
598,599
600,599
599,600
601,600
605,600
600,601
602,601
621,601
601,602
603,602
622,602
602,603
604,603
606,603
603,604
605,604
623,604
600,605
604,605
624,605
603,606
578,607
583,608
584,609
586,610
587,611
588,612
589,613
591,614
592,615
596,616
596,617
596,618
598,619
598,620
601,621
602,622
604,623
605,624
626,625
629,625
631,625
625,626
627,626
630,626
626,627
628,627
651,627
652,627
627,628
629,628
642,628
643,628
625,629
628,629
653,629
654,629
626,630
632,630
636,630
625,631
637,631
641,631
630,632
633,632
655,632
632,633
634,633
656,633
633,634
635,634
644,634
634,635
636,635
657,635
630,636
635,636
658,636
631,637
638,637
659,637
637,638
639,638
648,638
638,639
640,639
649,639
639,640
641,640
660,640
631,641
640,641
661,641
628,642
643,642
662,642
663,642
628,643
642,643
664,643
665,643
634,644
645,644
646,644
647,644
644,645
644,646
644,647
666,647
667,647
668,647
638,648
650,648
639,649
650,649
648,650
649,650
669,650
670,650
627,651
627,652
629,653
629,654
632,655
633,656
635,657
636,658
637,659
640,660
641,661
642,662
642,663
643,664
643,665
647,666
647,667
647,668
650,669
650,670
672,671
676,671
683,671
671,672
673,672
699,672
672,673
674,673
700,673
673,674
675,674
677,674
674,675
676,675
701,675
671,676
675,676
702,676
674,677
679,677
680,677
679,678
691,678
695,678
677,679
678,679
682,679
677,680
681,680
680,681
682,681
687,681
679,682
681,682
703,682
671,683
684,683
685,683
686,683
683,684
683,685
683,686
704,686
705,686
681,687
688,687
689,687
690,687
687,688
687,689
687,690
678,691
692,691
706,691
691,692
693,692
707,692
692,693
694,693
696,693
693,694
695,694
698,694
678,695
694,695
708,695
693,696
697,696
696,697
698,697
709,697
710,697
694,698
697,698
711,698
712,698
672,699
673,700
675,701
676,702
682,703
686,704
686,705
691,706
692,707
695,708
697,709
697,710
698,711
698,712
714,713
717,713
719,713
713,714
715,714
718,714
714,715
716,715
738,715
739,715
715,716
717,716
730,716
731,716
713,717
716,717
740,717
741,717
714,718
720,718
724,718
713,719
725,719
729,719
718,720
721,720
742,720
720,721
722,721
743,721
721,722
723,722
732,722
722,723
724,723
744,723
718,724
723,724
745,724
719,725
726,725
746,725
725,726
727,726
736,726
726,727
728,727
737,727
727,728
729,728
747,728
719,729
728,729
748,729
716,730
731,730
749,730
750,730
716,731
730,731
751,731
752,731
722,732
733,732
734,732
735,732
732,733
732,734
732,735
753,735
754,735
726,736
727,737
715,738
715,739
717,740
717,741
720,742
721,743
723,744
724,745
725,746
728,747
729,748
730,749
730,750
731,751
731,752
735,753
735,754
756,755
758,755
772,755
755,756
757,756
769,756
756,757
759,757
763,757
755,758
764,758
768,758
757,759
760,759
783,759
759,760
761,760
784,760
760,761
762,761
773,761
761,762
763,762
785,762
757,763
762,763
786,763
758,764
765,764
787,764
764,765
766,765
780,765
765,766
767,766
779,766
766,767
768,767
788,767
758,768
767,768
789,768
756,769
770,769
790,769
769,770
771,770
777,770
770,771
772,771
778,771
755,772
771,772
791,772
761,773
774,773
775,773
776,773
773,774
773,775
773,776
792,776
793,776
770,777
771,778
766,779
781,779
765,780
782,780
779,781
782,781
794,781
795,781
780,782
781,782
796,782
797,782
759,783
760,784
762,785
763,786
764,787
767,788
768,789
769,790
772,791
776,792
776,793
781,794
781,795
782,796
782,797
799,798
802,798
804,798
798,799
800,799
803,799
799,800
801,800
826,800
800,801
802,801
815,801
798,802
801,802
799,803
805,803
809,803
798,804
810,804
814,804
803,805
806,805
827,805
805,806
807,806
828,806
806,807
808,807
819,807
807,808
809,808
829,808
803,809
808,809
830,809
804,810
811,810
831,810
810,811
812,811
823,811
811,812
813,812
824,812
812,813
814,813
832,813
804,814
813,814
833,814
801,815
816,815
817,815
818,815
815,816
815,817
815,818
807,819
820,819
821,819
822,819
819,820
819,821
819,822
834,822
835,822
836,822
811,823
812,824
825,824
824,825
837,825
838,825
839,825
800,826
805,827
806,828
808,829
809,830
810,831
813,832
814,833
822,834
822,835
822,836
825,837
825,838
825,839
841,840
844,840
846,840
840,841
842,841
845,841
841,842
843,842
866,842
867,842
842,843
844,843
857,843
858,843
840,844
843,844
868,844
869,844
841,845
847,845
851,845
840,846
852,846
856,846
845,847
848,847
870,847
847,848
849,848
871,848
848,849
850,849
859,849
849,850
851,850
872,850
845,851
850,851
873,851
846,852
853,852
874,852
852,853
854,853
863,853
853,854
855,854
864,854
854,855
856,855
875,855
846,856
855,856
876,856
843,857
858,857
877,857
878,857
843,858
857,858
879,858
880,858
849,859
860,859
861,859
862,859
859,860
859,861
859,862
881,862
882,862
853,863
854,864
865,864
864,865
883,865
884,865
885,865
842,866
842,867
844,868
844,869
847,870
848,871
850,872
851,873
852,874
855,875
856,876
857,877
857,878
858,879
858,880
862,881
862,882
865,883
865,884
865,885
887,886
890,886
892,886
886,887
888,887
891,887
887,888
889,888
914,888
888,889
890,889
903,889
886,890
889,890
887,891
893,891
897,891
886,892
898,892
902,892
891,893
894,893
915,893
893,894
895,894
916,894
894,895
896,895
907,895
895,896
897,896
917,896
891,897
896,897
918,897
892,898
899,898
919,898
898,899
900,899
920,899
899,900
901,900
911,900
900,901
902,901
921,901
892,902
901,902
922,902
889,903
904,903
905,903
906,903
903,904
903,905
903,906
895,907
908,907
909,907
910,907
907,908
907,909
907,910
923,910
924,910
925,910
900,911
912,911
913,911
911,912
911,913
926,913
927,913
928,913
888,914
893,915
894,916
896,917
897,918
898,919
899,920
901,921
902,922
910,923
910,924
910,925
913,926
913,927
913,928
930,929
933,929
935,929
929,930
931,930
934,930
930,931
932,931
957,931
931,932
933,932
941,932
929,933
932,933
930,934
936,934
940,934
929,935
949,935
953,935
934,936
937,936
958,936
936,937
938,937
959,937
937,938
939,938
945,938
938,939
940,939
960,939
934,940
939,940
961,940
932,941
942,941
943,941
944,941
941,942
941,943
941,944
938,945
946,945
947,945
948,945
945,946
945,947
945,948
962,948
963,948
964,948
935,949
950,949
965,949
949,950
951,950
966,950
950,951
952,951
967,951
951,952
953,952
954,952
935,953
952,953
956,953
952,954
955,954
954,955
956,955
968,955
969,955
953,956
955,956
931,957
936,958
937,959
939,960
940,961
948,962
948,963
948,964
949,965
950,966
951,967
955,968
955,969
971,970
974,970
976,970
970,971
972,971
975,971
971,972
973,972
997,972
972,973
974,973
993,973
970,974
973,974
971,975
977,975
981,975
970,976
982,976
986,976
975,977
978,977
998,977
977,978
979,978
999,978
978,979
980,979
987,979
979,980
981,980
1000,980
975,981
980,981
1001,981
976,982
983,982
1002,982
982,983
984,983
1003,983
983,984
985,984
991,984
984,985
986,985
1004,985
976,986
985,986
1005,986
979,987
988,987
989,987
990,987
987,988
987,989
987,990
1006,990
1007,990
1008,990
984,991
992,991
1009,991
991,992
1010,992
1011,992
1012,992
973,993
994,993
995,993
996,993
993,994
993,995
993,996
972,997
977,998
978,999
980,1000
981,1001
982,1002
983,1003
985,1004
986,1005
990,1006
990,1007
990,1008
991,1009
992,1010
992,1011
992,1012
1014,1013
1016,1013
1030,1013
1013,1014
1015,1014
1027,1014
1014,1015
1017,1015
1021,1015
1013,1016
1022,1016
1026,1016
1015,1017
1018,1017
1040,1017
1017,1018
1019,1018
1041,1018
1018,1019
1020,1019
1031,1019
1019,1020
1021,1020
1042,1020
1015,1021
1020,1021
1043,1021
1016,1022
1023,1022
1044,1022
1022,1023
1024,1023
1038,1023
1023,1024
1025,1024
1037,1024
1024,1025
1026,1025
1045,1025
1016,1026
1025,1026
1046,1026
1014,1027
1028,1027
1047,1027
1027,1028
1029,1028
1035,1028
1028,1029
1030,1029
1036,1029
1013,1030
1029,1030
1048,1030
1019,1031
1032,1031
1033,1031
1034,1031
1031,1032
1031,1033
1031,1034
1049,1034
1050,1034
1028,1035
1029,1036
1024,1037
1039,1037
1023,1038
1039,1038
1037,1039
1038,1039
1051,1039
1052,1039
1017,1040
1018,1041
1020,1042
1021,1043
1022,1044
1025,1045
1026,1046
1027,1047
1030,1048
1034,1049
1034,1050
1039,1051
1039,1052
1054,1053
1056,1053
1070,1053
1053,1054
1055,1054
1067,1054
1054,1055
1057,1055
1061,1055
1053,1056
1062,1056
1066,1056
1055,1057
1058,1057
1078,1057
1057,1058
1059,1058
1079,1058
1058,1059
1060,1059
1071,1059
1059,1060
1061,1060
1080,1060
1055,1061
1060,1061
1081,1061
1056,1062
1063,1062
1082,1062
1062,1063
1064,1063
1083,1063
1063,1064
1065,1064
1077,1064
1064,1065
1066,1065
1084,1065
1056,1066
1065,1066
1085,1066
1054,1067
1068,1067
1086,1067
1067,1068
1069,1068
1075,1068
1068,1069
1070,1069
1076,1069
1053,1070
1069,1070
1087,1070
1059,1071
1072,1071
1073,1071
1074,1071
1071,1072
1071,1073
1071,1074
1088,1074
1089,1074
1090,1074
1068,1075
1069,1076
1064,1077
1057,1078
1058,1079
1060,1080
1061,1081
1062,1082
1063,1083
1065,1084
1066,1085
1067,1086
1070,1087
1074,1088
1074,1089
1074,1090
1092,1091
1095,1091
1097,1091
1091,1092
1093,1092
1096,1092
1092,1093
1094,1093
1116,1093
1117,1093
1093,1094
1095,1094
1108,1094
1109,1094
1091,1095
1094,1095
1118,1095
1119,1095
1092,1096
1098,1096
1102,1096
1091,1097
1103,1097
1107,1097
1096,1098
1099,1098
1120,1098
1098,1099
1100,1099
1121,1099
1099,1100
1101,1100
1110,1100
1100,1101
1102,1101
1122,1101
1096,1102
1101,1102
1123,1102
1097,1103
1104,1103
1124,1103
1103,1104
1105,1104
1114,1104
1104,1105
1106,1105
1115,1105
1105,1106
1107,1106
1125,1106
1097,1107
1106,1107
1126,1107
1094,1108
1109,1108
1127,1108
1128,1108
1094,1109
1108,1109
1129,1109
1130,1109
1100,1110
1111,1110
1112,1110
1113,1110
1110,1111
1110,1112
1110,1113
1131,1113
1132,1113
1104,1114
1105,1115
1093,1116
1093,1117
1095,1118
1095,1119
1098,1120
1099,1121
1101,1122
1102,1123
1103,1124
1106,1125
1107,1126
1108,1127
1108,1128
1109,1129
1109,1130
1113,1131
1113,1132
1134,1133
1138,1133
1150,1133
1133,1134
1135,1134
1165,1134
1134,1135
1136,1135
1166,1135
1135,1136
1137,1136
1139,1136
1136,1137
1138,1137
1167,1137
1133,1138
1137,1138
1168,1138
1136,1139
1140,1139
1143,1139
1139,1140
1141,1140
1144,1140
1140,1141
1142,1141
1141,1142
1143,1142
1159,1142
1139,1143
1142,1143
1155,1143
1140,1144
1145,1144
1149,1144
1144,1145
1146,1145
1169,1145
1145,1146
1147,1146
1170,1146
1146,1147
1148,1147
1151,1147
1147,1148
1149,1148
1171,1148
1144,1149
1148,1149
1172,1149
1133,1150
1147,1151
1152,1151
1153,1151
1154,1151
1151,1152
1151,1153
1151,1154
1173,1154
1174,1154
1175,1154
1143,1155
1156,1155
1157,1155
1158,1155
1155,1156
1155,1157
1155,1158
1142,1159
1160,1159
1176,1159
1177,1159
1159,1160
1161,1160
1162,1160
1160,1161
1160,1162
1164,1162
1164,1163
1178,1163
1179,1163
1180,1163
1162,1164
1163,1164
1181,1164
1182,1164
1134,1165
1135,1166
1137,1167
1138,1168
1145,1169
1146,1170
1148,1171
1149,1172
1154,1173
1154,1174
1154,1175
1159,1176
1159,1177
1163,1178
1163,1179
1163,1180
1164,1181
1164,1182
1184,1183
1187,1183
1189,1183
1183,1184
1185,1184
1188,1184
1184,1185
1186,1185
1205,1185
1185,1186
1187,1186
1206,1186
1183,1187
1186,1187
1184,1188
1190,1188
1194,1188
1183,1189
1195,1189
1199,1189
1188,1190
1191,1190
1207,1190
1190,1191
1192,1191
1208,1191
1191,1192
1193,1192
1200,1192
1192,1193
1194,1193
1209,1193
1188,1194
1193,1194
1210,1194
1189,1195
1196,1195
1211,1195
1195,1196
1197,1196
1212,1196
1196,1197
1198,1197
1204,1197
1197,1198
1199,1198
1213,1198
1189,1199
1198,1199
1214,1199
1192,1200
1201,1200
1202,1200
1203,1200
1200,1201
1200,1202
1200,1203
1215,1203
1216,1203
1217,1203
1197,1204
1185,1205
1186,1206
1190,1207
1191,1208
1193,1209
1194,1210
1195,1211
1196,1212
1198,1213
1199,1214
1203,1215
1203,1216
1203,1217
1219,1218
1222,1218
1224,1218
1218,1219
1220,1219
1223,1219
1219,1220
1221,1220
1247,1220
1220,1221
1222,1221
1235,1221
1218,1222
1221,1222
1219,1223
1225,1223
1229,1223
1218,1224
1230,1224
1234,1224
1223,1225
1226,1225
1248,1225
1225,1226
1227,1226
1249,1226
1226,1227
1228,1227
1239,1227
1227,1228
1229,1228
1250,1228
1223,1229
1228,1229
1251,1229
1224,1230
1231,1230
1252,1230
1230,1231
1232,1231
1244,1231
1231,1232
1233,1232
1245,1232
1232,1233
1234,1233
1243,1233
1224,1234
1233,1234
1253,1234
1221,1235
1236,1235
1237,1235
1238,1235
1235,1236
1235,1237
1235,1238
1227,1239
1240,1239
1241,1239
1242,1239
1239,1240
1239,1241
1239,1242
1254,1242
1255,1242
1256,1242
1233,1243
1231,1244
1232,1245
1246,1245
1245,1246
1257,1246
1258,1246
1259,1246
1220,1247
1225,1248
1226,1249
1228,1250
1229,1251
1230,1252
1234,1253
1242,1254
1242,1255
1242,1256
1246,1257
1246,1258
1246,1259
1261,1260
1264,1260
1266,1260
1260,1261
1262,1261
1265,1261
1261,1262
1263,1262
1286,1262
1287,1262
1262,1263
1264,1263
1277,1263
1278,1263
1260,1264
1263,1264
1288,1264
1289,1264
1261,1265
1267,1265
1271,1265
1260,1266
1272,1266
1276,1266
1265,1267
1268,1267
1290,1267
1267,1268
1269,1268
1291,1268
1268,1269
1270,1269
1279,1269
1269,1270
1271,1270
1292,1270
1265,1271
1270,1271
1293,1271
1266,1272
1273,1272
1294,1272
1272,1273
1274,1273
1283,1273
1273,1274
1275,1274
1284,1274
1274,1275
1276,1275
1295,1275
1266,1276
1275,1276
1296,1276
1263,1277
1278,1277
1297,1277
1298,1277
1263,1278
1277,1278
1299,1278
1300,1278
1269,1279
1280,1279
1281,1279
1282,1279
1279,1280
1279,1281
1279,1282
1301,1282
1302,1282
1273,1283
1274,1284
1285,1284
1284,1285
1303,1285
1304,1285
1305,1285
1262,1286
1262,1287
1264,1288
1264,1289
1267,1290
1268,1291
1270,1292
1271,1293
1272,1294
1275,1295
1276,1296
1277,1297
1277,1298
1278,1299
1278,1300
1282,1301
1282,1302
1285,1303
1285,1304
1285,1305
1307,1306
1310,1306
1312,1306
1306,1307
1308,1307
1311,1307
1307,1308
1309,1308
1308,1309
1310,1309
1328,1309
1306,1310
1309,1310
1307,1311
1313,1311
1317,1311
1306,1312
1318,1312
1322,1312
1311,1313
1314,1313
1331,1313
1313,1314
1315,1314
1332,1314
1314,1315
1316,1315
1329,1315
1315,1316
1317,1316
1323,1316
1311,1317
1316,1317
1333,1317
1312,1318
1319,1318
1334,1318
1318,1319
1320,1319
1335,1319
1319,1320
1321,1320
1324,1320
1320,1321
1322,1321
1336,1321
1312,1322
1321,1322
1337,1322
1316,1323
1320,1324
1325,1324
1326,1324
1327,1324
1324,1325
1324,1326
1324,1327
1338,1327
1339,1327
1309,1328
1340,1328
1341,1328
1342,1328
1315,1329
1330,1329
1329,1330
1343,1330
1344,1330
1345,1330
1313,1331
1314,1332
1317,1333
1318,1334
1319,1335
1321,1336
1322,1337
1327,1338
1327,1339
1328,1340
1328,1341
1328,1342
1330,1343
1330,1344
1330,1345
1347,1346
1350,1346
1352,1346
1346,1347
1348,1347
1351,1347
1347,1348
1349,1348
1372,1348
1348,1349
1350,1349
1364,1349
1346,1350
1349,1350
1347,1351
1353,1351
1357,1351
1346,1352
1358,1352
1362,1352
1351,1353
1354,1353
1373,1353
1353,1354
1355,1354
1374,1354
1354,1355
1356,1355
1368,1355
1355,1356
1357,1356
1375,1356
1351,1357
1356,1357
1376,1357
1352,1358
1359,1358
1377,1358
1358,1359
1360,1359
1378,1359
1359,1360
1361,1360
1363,1360
1360,1361
1362,1361
1379,1361
1352,1362
1361,1362
1380,1362
1360,1363
1349,1364
1365,1364
1366,1364
1367,1364
1364,1365
1364,1366
1364,1367
1355,1368
1369,1368
1370,1368
1371,1368
1368,1369
1368,1370
1368,1371
1381,1371
1382,1371
1383,1371
1348,1372
1353,1373
1354,1374
1356,1375
1357,1376
1358,1377
1359,1378
1361,1379
1362,1380
1371,1381
1371,1382
1371,1383
1385,1384
1388,1384
1390,1384
1384,1385
1386,1385
1389,1385
1385,1386
1387,1386
1411,1386
1386,1387
1388,1387
1401,1387
1384,1388
1387,1388
1385,1389
1391,1389
1395,1389
1384,1390
1396,1390
1400,1390
1389,1391
1392,1391
1412,1391
1391,1392
1393,1392
1413,1392
1392,1393
1394,1393
1405,1393
1393,1394
1395,1394
1414,1394
1389,1395
1394,1395
1415,1395
1390,1396
1397,1396
1416,1396
1396,1397
1398,1397
1410,1397
1397,1398
1399,1398
1409,1398
1398,1399
1400,1399
1417,1399
1390,1400
1399,1400
1418,1400
1387,1401
1402,1401
1403,1401
1404,1401
1401,1402
1401,1403
1401,1404
1393,1405
1406,1405
1407,1405
1408,1405
1405,1406
1405,1407
1405,1408
1419,1408
1420,1408
1421,1408
1398,1409
1422,1409
1423,1409
1424,1409
1397,1410
1425,1410
1426,1410
1427,1410
1386,1411
1391,1412
1392,1413
1394,1414
1395,1415
1396,1416
1399,1417
1400,1418
1408,1419
1408,1420
1408,1421
1409,1422
1409,1423
1409,1424
1410,1425
1410,1426
1410,1427
1429,1428
1432,1428
1434,1428
1428,1429
1430,1429
1433,1429
1429,1430
1431,1430
1453,1430
1454,1430
1430,1431
1432,1431
1445,1431
1446,1431
1428,1432
1431,1432
1455,1432
1456,1432
1429,1433
1435,1433
1439,1433
1428,1434
1440,1434
1444,1434
1433,1435
1436,1435
1457,1435
1435,1436
1437,1436
1458,1436
1436,1437
1438,1437
1447,1437
1437,1438
1439,1438
1459,1438
1433,1439
1438,1439
1460,1439
1434,1440
1441,1440
1461,1440
1440,1441
1442,1441
1451,1441
1441,1442
1443,1442
1452,1442
1442,1443
1444,1443
1462,1443
1434,1444
1443,1444
1463,1444
1431,1445
1446,1445
1464,1445
1465,1445
1431,1446
1445,1446
1466,1446
1467,1446
1437,1447
1448,1447
1449,1447
1450,1447
1447,1448
1447,1449
1447,1450
1468,1450
1469,1450
1441,1451
1442,1452
1430,1453
1430,1454
1432,1455
1432,1456
1435,1457
1436,1458
1438,1459
1439,1460
1440,1461
1443,1462
1444,1463
1445,1464
1445,1465
1446,1466
1446,1467
1450,1468
1450,1469
1471,1470
1474,1470
1476,1470
1470,1471
1472,1471
1475,1471
1471,1472
1473,1472
1494,1472
1495,1472
1472,1473
1474,1473
1496,1473
1497,1473
1470,1474
1473,1474
1498,1474
1499,1474
1471,1475
1477,1475
1481,1475
1470,1476
1482,1476
1486,1476
1475,1477
1478,1477
1500,1477
1477,1478
1479,1478
1501,1478
1478,1479
1480,1479
1487,1479
1479,1480
1481,1480
1502,1480
1475,1481
1480,1481
1503,1481
1476,1482
1483,1482
1504,1482
1482,1483
1484,1483
1493,1483
1483,1484
1485,1484
1491,1484
1484,1485
1486,1485
1505,1485
1476,1486
1485,1486
1506,1486
1479,1487
1488,1487
1489,1487
1490,1487
1487,1488
1487,1489
1487,1490
1507,1490
1508,1490
1484,1491
1492,1491
1491,1492
1509,1492
1510,1492
1511,1492
1483,1493
1472,1494
1472,1495
1473,1496
1473,1497
1474,1498
1474,1499
1477,1500
1478,1501
1480,1502
1481,1503
1482,1504
1485,1505
1486,1506
1490,1507
1490,1508
1492,1509
1492,1510
1492,1511
1513,1512
1516,1512
1518,1512
1512,1513
1514,1513
1517,1513
1513,1514
1515,1514
1536,1514
1537,1514
1514,1515
1516,1515
1538,1515
1539,1515
1512,1516
1515,1516
1540,1516
1541,1516
1513,1517
1519,1517
1523,1517
1512,1518
1524,1518
1528,1518
1517,1519
1520,1519
1542,1519
1519,1520
1521,1520
1543,1520
1520,1521
1522,1521
1529,1521
1521,1522
1523,1522
1544,1522
1517,1523
1522,1523
1545,1523
1518,1524
1525,1524
1546,1524
1524,1525
1526,1525
1535,1525
1525,1526
1527,1526
1533,1526
1526,1527
1528,1527
1547,1527
1518,1528
1527,1528
1548,1528
1521,1529
1530,1529
1531,1529
1532,1529
1529,1530
1529,1531
1529,1532
1549,1532
1550,1532
1526,1533
1534,1533
1533,1534
1551,1534
1552,1534
1553,1534
1525,1535
1514,1536
1514,1537
1515,1538
1515,1539
1516,1540
1516,1541
1519,1542
1520,1543
1522,1544
1523,1545
1524,1546
1527,1547
1528,1548
1532,1549
1532,1550
1534,1551
1534,1552
1534,1553
1555,1554
1558,1554
1560,1554
1554,1555
1556,1555
1559,1555
1555,1556
1557,1556
1579,1556
1556,1557
1558,1557
1571,1557
1554,1558
1557,1558
1555,1559
1561,1559
1565,1559
1554,1560
1566,1560
1570,1560
1559,1561
1562,1561
1580,1561
1561,1562
1563,1562
1581,1562
1562,1563
1564,1563
1575,1563
1563,1564
1565,1564
1582,1564
1559,1565
1564,1565
1583,1565
1560,1566
1567,1566
1584,1566
1566,1567
1568,1567
1585,1567
1567,1568
1569,1568
1586,1568
1568,1569
1570,1569
1587,1569
1560,1570
1569,1570
1588,1570
1557,1571
1572,1571
1573,1571
1574,1571
1571,1572
1571,1573
1571,1574
1563,1575
1576,1575
1577,1575
1578,1575
1575,1576
1575,1577
1575,1578
1589,1578
1590,1578
1591,1578
1556,1579
1561,1580
1562,1581
1564,1582
1565,1583
1566,1584
1567,1585
1568,1586
1569,1587
1570,1588
1578,1589
1578,1590
1578,1591
1593,1592
1596,1592
1598,1592
1592,1593
1594,1593
1597,1593
1593,1594
1595,1594
1621,1594
1594,1595
1596,1595
1609,1595
1592,1596
1595,1596
1593,1597
1599,1597
1603,1597
1592,1598
1604,1598
1608,1598
1597,1599
1600,1599
1622,1599
1599,1600
1601,1600
1623,1600
1600,1601
1602,1601
1613,1601
1601,1602
1603,1602
1624,1602
1597,1603
1602,1603
1625,1603
1598,1604
1605,1604
1626,1604
1604,1605
1606,1605
1617,1605
1605,1606
1607,1606
1618,1606
1606,1607
1608,1607
1627,1607
1598,1608
1607,1608
1628,1608
1595,1609
1610,1609
1611,1609
1612,1609
1609,1610
1609,1611
1609,1612
1601,1613
1614,1613
1615,1613
1616,1613
1613,1614
1613,1615
1613,1616
1629,1616
1630,1616
1631,1616
1605,1617
1606,1618
1619,1618
1620,1618
1618,1619
1632,1619
1633,1619
1634,1619
1618,1620
1635,1620
1636,1620
1637,1620
1594,1621
1599,1622
1600,1623
1602,1624
1603,1625
1604,1626
1607,1627
1608,1628
1616,1629
1616,1630
1616,1631
1619,1632
1619,1633
1619,1634
1620,1635
1620,1636
1620,1637
1639,1638
1642,1638
1644,1638
1638,1639
1640,1639
1643,1639
1639,1640
1641,1640
1666,1640
1640,1641
1642,1641
1655,1641
1638,1642
1641,1642
1639,1643
1645,1643
1649,1643
1638,1644
1650,1644
1654,1644
1643,1645
1646,1645
1667,1645
1645,1646
1647,1646
1668,1646
1646,1647
1648,1647
1659,1647
1647,1648
1649,1648
1669,1648
1643,1649
1648,1649
1670,1649
1644,1650
1651,1650
1671,1650
1650,1651
1652,1651
1663,1651
1651,1652
1653,1652
1664,1652
1652,1653
1654,1653
1672,1653
1644,1654
1653,1654
1673,1654
1641,1655
1656,1655
1657,1655
1658,1655
1655,1656
1655,1657
1655,1658
1647,1659
1660,1659
1661,1659
1662,1659
1659,1660
1659,1661
1659,1662
1674,1662
1675,1662
1651,1663
1652,1664
1665,1664
1664,1665
1676,1665
1677,1665
1678,1665
1640,1666
1645,1667
1646,1668
1648,1669
1649,1670
1650,1671
1653,1672
1654,1673
1662,1674
1662,1675
1665,1676
1665,1677
1665,1678
1680,1679
1684,1679
1691,1679
1679,1680
1681,1680
1708,1680
1680,1681
1682,1681
1709,1681
1681,1682
1683,1682
1685,1682
1682,1683
1684,1683
1710,1683
1679,1684
1683,1684
1711,1684
1682,1685
1687,1685
1688,1685
1687,1686
1699,1686
1703,1686
1685,1687
1686,1687
1690,1687
1685,1688
1689,1688
1688,1689
1690,1689
1695,1689
1687,1690
1689,1690
1712,1690
1679,1691
1692,1691
1693,1691
1694,1691
1691,1692
1691,1693
1691,1694
1713,1694
1714,1694
1689,1695
1696,1695
1697,1695
1698,1695
1695,1696
1695,1697
1695,1698
1686,1699
1700,1699
1715,1699
1699,1700
1701,1700
1716,1700
1700,1701
1702,1701
1704,1701
1701,1702
1703,1702
1707,1702
1686,1703
1702,1703
1717,1703
1701,1704
1705,1704
1704,1705
1706,1705
1718,1705
1719,1705
1705,1706
1707,1706
1720,1706
1721,1706
1702,1707
1706,1707
1722,1707
1723,1707
1680,1708
1681,1709
1683,1710
1684,1711
1690,1712
1694,1713
1694,1714
1699,1715
1700,1716
1703,1717
1705,1718
1705,1719
1706,1720
1706,1721
1707,1722
1707,1723
1725,1724
1728,1724
1730,1724
1724,1725
1726,1725
1729,1725
1725,1726
1727,1726
1750,1726
1726,1727
1728,1727
1741,1727
1724,1728
1727,1728
1725,1729
1731,1729
1735,1729
1724,1730
1736,1730
1740,1730
1729,1731
1732,1731
1751,1731
1731,1732
1733,1732
1752,1732
1732,1733
1734,1733
1745,1733
1733,1734
1735,1734
1753,1734
1729,1735
1734,1735
1754,1735
1730,1736
1737,1736
1755,1736
1736,1737
1738,1737
1756,1737
1737,1738
1739,1738
1749,1738
1738,1739
1740,1739
1757,1739
1730,1740
1739,1740
1758,1740
1727,1741
1742,1741
1743,1741
1744,1741
1741,1742
1741,1743
1741,1744
1733,1745
1746,1745
1747,1745
1748,1745
1745,1746
1745,1747
1745,1748
1759,1748
1760,1748
1761,1748
1738,1749
1762,1749
1763,1749
1764,1749
1726,1750
1731,1751
1732,1752
1734,1753
1735,1754
1736,1755
1737,1756
1739,1757
1740,1758
1748,1759
1748,1760
1748,1761
1749,1762
1749,1763
1749,1764
1766,1765
1769,1765
1771,1765
1765,1766
1767,1766
1770,1766
1766,1767
1768,1767
1791,1767
1767,1768
1769,1768
1782,1768
1765,1769
1768,1769
1766,1770
1772,1770
1776,1770
1765,1771
1777,1771
1781,1771
1770,1772
1773,1772
1792,1772
1772,1773
1774,1773
1793,1773
1773,1774
1775,1774
1786,1774
1774,1775
1776,1775
1794,1775
1770,1776
1775,1776
1795,1776
1771,1777
1778,1777
1796,1777
1777,1778
1779,1778
1790,1778
1778,1779
1780,1779
1797,1779
1779,1780
1781,1780
1798,1780
1771,1781
1780,1781
1799,1781
1768,1782
1783,1782
1784,1782
1785,1782
1782,1783
1782,1784
1782,1785
1774,1786
1787,1786
1788,1786
1789,1786
1786,1787
1786,1788
1786,1789
1800,1789
1801,1789
1802,1789
1778,1790
1803,1790
1804,1790
1805,1790
1767,1791
1772,1792
1773,1793
1775,1794
1776,1795
1777,1796
1779,1797
1780,1798
1781,1799
1789,1800
1789,1801
1789,1802
1790,1803
1790,1804
1790,1805
1807,1806
1810,1806
1812,1806
1806,1807
1808,1807
1811,1807
1807,1808
1809,1808
1832,1808
1808,1809
1810,1809
1823,1809
1806,1810
1809,1810
1807,1811
1813,1811
1817,1811
1806,1812
1818,1812
1822,1812
1811,1813
1814,1813
1833,1813
1813,1814
1815,1814
1834,1814
1814,1815
1816,1815
1827,1815
1815,1816
1817,1816
1835,1816
1811,1817
1816,1817
1836,1817
1812,1818
1819,1818
1837,1818
1818,1819
1820,1819
1831,1819
1819,1820
1821,1820
1838,1820
1820,1821
1822,1821
1839,1821
1812,1822
1821,1822
1840,1822
1809,1823
1824,1823
1825,1823
1826,1823
1823,1824
1823,1825
1823,1826
1815,1827
1828,1827
1829,1827
1830,1827
1827,1828
1827,1829
1827,1830
1841,1830
1842,1830
1819,1831
1808,1832
1813,1833
1814,1834
1816,1835
1817,1836
1818,1837
1820,1838
1821,1839
1822,1840
1830,1841
1830,1842
1844,1843
1847,1843
1849,1843
1843,1844
1845,1844
1848,1844
1844,1845
1846,1845
1868,1845
1869,1845
1845,1846
1847,1846
1865,1846
1867,1846
1843,1847
1846,1847
1870,1847
1871,1847
1844,1848
1850,1848
1854,1848
1843,1849
1855,1849
1859,1849
1848,1850
1851,1850
1872,1850
1850,1851
1852,1851
1873,1851
1851,1852
1853,1852
1860,1852
1852,1853
1854,1853
1874,1853
1848,1854
1853,1854
1875,1854
1849,1855
1856,1855
1876,1855
1855,1856
1857,1856
1877,1856
1856,1857
1858,1857
1864,1857
1857,1858
1859,1858
1878,1858
1849,1859
1858,1859
1879,1859
1852,1860
1861,1860
1862,1860
1863,1860
1860,1861
1860,1862
1860,1863
1880,1863
1881,1863
1882,1863
1857,1864
1846,1865
1866,1865
1883,1865
1884,1865
1865,1866
1867,1866
1885,1866
1886,1866
1846,1867
1866,1867
1887,1867
1888,1867
1845,1868
1845,1869
1847,1870
1847,1871
1850,1872
1851,1873
1853,1874
1854,1875
1855,1876
1856,1877
1858,1878
1859,1879
1863,1880
1863,1881
1863,1882
1865,1883
1865,1884
1866,1885
1866,1886
1867,1887
1867,1888
1890,1889
1893,1889
1895,1889
1889,1890
1891,1890
1894,1890
1890,1891
1892,1891
1915,1891
1891,1892
1893,1892
1907,1892
1889,1893
1892,1893
1890,1894
1896,1894
1900,1894
1889,1895
1901,1895
1905,1895
1894,1896
1897,1896
1916,1896
1896,1897
1898,1897
1917,1897
1897,1898
1899,1898
1911,1898
1898,1899
1900,1899
1918,1899
1894,1900
1899,1900
1919,1900
1895,1901
1902,1901
1920,1901
1901,1902
1903,1902
1921,1902
1902,1903
1904,1903
1906,1903
1903,1904
1905,1904
1922,1904
1895,1905
1904,1905
1923,1905
1903,1906
1892,1907
1908,1907
1909,1907
1910,1907
1907,1908
1907,1909
1907,1910
1898,1911
1912,1911
1913,1911
1914,1911
1911,1912
1911,1913
1911,1914
1924,1914
1925,1914
1926,1914
1891,1915
1896,1916
1897,1917
1899,1918
1900,1919
1901,1920
1902,1921
1904,1922
1905,1923
1914,1924
1914,1925
1914,1926
1928,1927
1931,1927
1933,1927
1927,1928
1929,1928
1932,1928
1928,1929
1930,1929
1953,1929
1929,1930
1931,1930
1944,1930
1927,1931
1930,1931
1928,1932
1934,1932
1938,1932
1927,1933
1939,1933
1943,1933
1932,1934
1935,1934
1954,1934
1934,1935
1936,1935
1955,1935
1935,1936
1937,1936
1948,1936
1936,1937
1938,1937
1956,1937
1932,1938
1937,1938
1957,1938
1933,1939
1940,1939
1958,1939
1939,1940
1941,1940
1952,1940
1940,1941
1942,1941
1959,1941
1941,1942
1943,1942
1960,1942
1933,1943
1942,1943
1961,1943
1930,1944
1945,1944
1946,1944
1947,1944
1944,1945
1944,1946
1944,1947
1936,1948
1949,1948
1950,1948
1951,1948
1948,1949
1948,1950
1948,1951
1962,1951
1963,1951
1964,1951
1940,1952
1929,1953
1934,1954
1935,1955
1937,1956
1938,1957
1939,1958
1941,1959
1942,1960
1943,1961
1951,1962
1951,1963
1951,1964
1966,1965
1969,1965
1971,1965
1965,1966
1967,1966
1970,1966
1966,1967
1968,1967
1989,1967
1990,1967
1967,1968
1969,1968
1982,1968
1983,1968
1965,1969
1968,1969
1991,1969
1992,1969
1966,1970
1972,1970
1976,1970
1965,1971
1977,1971
1981,1971
1970,1972
1973,1972
1993,1972
1972,1973
1974,1973
1994,1973
1973,1974
1975,1974
1985,1974
1974,1975
1976,1975
1995,1975
1970,1976
1975,1976
1996,1976
1971,1977
1978,1977
1997,1977
1977,1978
1979,1978
1998,1978
1978,1979
1980,1979
1984,1979
1979,1980
1981,1980
1999,1980
1971,1981
1980,1981
2000,1981
1968,1982
1983,1982
2001,1982
2002,1982
1968,1983
1982,1983
2003,1983
2004,1983
1979,1984
1974,1985
1986,1985
1987,1985
1988,1985
1985,1986
1985,1987
1985,1988
2005,1988
2006,1988
1967,1989
1967,1990
1969,1991
1969,1992
1972,1993
1973,1994
1975,1995
1976,1996
1977,1997
1978,1998
1980,1999
1981,2000
1982,2001
1982,2002
1983,2003
1983,2004
1988,2005
1988,2006
2008,2007
2011,2007
2013,2007
2007,2008
2009,2008
2012,2008
2008,2009
2010,2009
2033,2009
2034,2009
2009,2010
2011,2010
2029,2010
2032,2010
2007,2011
2010,2011
2035,2011
2036,2011
2008,2012
2014,2012
2018,2012
2007,2013
2019,2013
2023,2013
2012,2014
2015,2014
2037,2014
2014,2015
2016,2015
2038,2015
2015,2016
2017,2016
2025,2016
2016,2017
2018,2017
2039,2017
2012,2018
2017,2018
2040,2018
2013,2019
2020,2019
2041,2019
2019,2020
2021,2020
2042,2020
2020,2021
2022,2021
2024,2021
2021,2022
2023,2022
2043,2022
2013,2023
2022,2023
2044,2023
2021,2024
2016,2025
2026,2025
2027,2025
2028,2025
2025,2026
2025,2027
2025,2028
2045,2028
2046,2028
2047,2028
2010,2029
2030,2029
2048,2029
2049,2029
2029,2030
2031,2030
2050,2030
2051,2030
2030,2031
2032,2031
2052,2031
2053,2031
2010,2032
2031,2032
2054,2032
2055,2032
2009,2033
2009,2034
2011,2035
2011,2036
2014,2037
2015,2038
2017,2039
2018,2040
2019,2041
2020,2042
2022,2043
2023,2044
2028,2045
2028,2046
2028,2047
2029,2048
2029,2049
2030,2050
2030,2051
2031,2052
2031,2053
2032,2054
2032,2055
2057,2056
2060,2056
2062,2056
2056,2057
2058,2057
2061,2057
2057,2058
2059,2058
2058,2059
2060,2059
2073,2059
2056,2060
2059,2060
2057,2061
2063,2061
2067,2061
2056,2062
2068,2062
2072,2062
2061,2063
2064,2063
2079,2063
2063,2064
2065,2064
2080,2064
2064,2065
2066,2065
2075,2065
2065,2066
2067,2066
2081,2066
2061,2067
2066,2067
2082,2067
2062,2068
2069,2068
2083,2068
2068,2069
2070,2069
2084,2069
2069,2070
2071,2070
2074,2070
2070,2071
2072,2071
2085,2071
2062,2072
2071,2072
2086,2072
2059,2073
2087,2073
2088,2073
2089,2073
2070,2074
2065,2075
2076,2075
2077,2075
2078,2075
2075,2076
2075,2077
2075,2078
2090,2078
2091,2078
2092,2078
2063,2079
2064,2080
2066,2081
2067,2082
2068,2083
2069,2084
2071,2085
2072,2086
2073,2087
2073,2088
2073,2089
2078,2090
2078,2091
2078,2092
2094,2093
2097,2093
2099,2093
2093,2094
2095,2094
2098,2094
2094,2095
2096,2095
2117,2095
2095,2096
2097,2096
2115,2096
2093,2097
2096,2097
2094,2098
2100,2098
2104,2098
2093,2099
2105,2099
2109,2099
2098,2100
2101,2100
2118,2100
2100,2101
2102,2101
2119,2101
2101,2102
2103,2102
2110,2102
2102,2103
2104,2103
2120,2103
2098,2104
2103,2104
2121,2104
2099,2105
2106,2105
2122,2105
2105,2106
2107,2106
2123,2106
2106,2107
2108,2107
2114,2107
2107,2108
2109,2108
2124,2108
2099,2109
2108,2109
2125,2109
2102,2110
2111,2110
2112,2110
2113,2110
2110,2111
2110,2112
2110,2113
2126,2113
2127,2113
2128,2113
2107,2114
2096,2115
2116,2115
2129,2115
2130,2115
2115,2116
2095,2117
2100,2118
2101,2119
2103,2120
2104,2121
2105,2122
2106,2123
2108,2124
2109,2125
2113,2126
2113,2127
2113,2128
2115,2129
2115,2130
2132,2131
2134,2131
2148,2131
2131,2132
2133,2132
2145,2132
2132,2133
2135,2133
2139,2133
2131,2134
2140,2134
2144,2134
2133,2135
2136,2135
2159,2135
2135,2136
2137,2136
2160,2136
2136,2137
2138,2137
2149,2137
2137,2138
2139,2138
2161,2138
2133,2139
2138,2139
2162,2139
2134,2140
2141,2140
2163,2140
2140,2141
2142,2141
2157,2141
2141,2142
2143,2142
2155,2142
2142,2143
2144,2143
2164,2143
2134,2144
2143,2144
2165,2144
2132,2145
2146,2145
2166,2145
2145,2146
2147,2146
2153,2146
2146,2147
2148,2147
2154,2147
2131,2148
2147,2148
2167,2148
2137,2149
2150,2149
2151,2149
2152,2149
2149,2150
2149,2151
2149,2152
2168,2152
2169,2152
2170,2152
2146,2153
2147,2154
2142,2155
2156,2155
2155,2156
2171,2156
2172,2156
2173,2156
2141,2157
2158,2157
2157,2158
2174,2158
2175,2158
2176,2158
2135,2159
2136,2160
2138,2161
2139,2162
2140,2163
2143,2164
2144,2165
2145,2166
2148,2167
2152,2168
2152,2169
2152,2170
2156,2171
2156,2172
2156,2173
2158,2174
2158,2175
2158,2176
2178,2177
2181,2177
2183,2177
2177,2178
2179,2178
2182,2178
2178,2179
2180,2179
2203,2179
2179,2180
2181,2180
2194,2180
2177,2181
2180,2181
2178,2182
2184,2182
2188,2182
2177,2183
2189,2183
2193,2183
2182,2184
2185,2184
2204,2184
2184,2185
2186,2185
2205,2185
2185,2186
2187,2186
2198,2186
2186,2187
2188,2187
2206,2187
2182,2188
2187,2188
2207,2188
2183,2189
2190,2189
2208,2189
2189,2190
2191,2190
2202,2190
2190,2191
2192,2191
2209,2191
2191,2192
2193,2192
2210,2192
2183,2193
2192,2193
2211,2193
2180,2194
2195,2194
2196,2194
2197,2194
2194,2195
2194,2196
2194,2197
2186,2198
2199,2198
2200,2198
2201,2198
2198,2199
2198,2200
2198,2201
2212,2201
2213,2201
2214,2201
2190,2202
2179,2203
2184,2204
2185,2205
2187,2206
2188,2207
2189,2208
2191,2209
2192,2210
2193,2211
2201,2212
2201,2213
2201,2214
2216,2215
2219,2215
2221,2215
2215,2216
2217,2216
2220,2216
2216,2217
2218,2217
2217,2218
2219,2218
2232,2218
2215,2219
2218,2219
2216,2220
2222,2220
2226,2220
2215,2221
2227,2221
2231,2221
2220,2222
2223,2222
2237,2222
2222,2223
2224,2223
2238,2223
2223,2224
2225,2224
2233,2224
2224,2225
2226,2225
2239,2225
2220,2226
2225,2226
2240,2226
2221,2227
2228,2227
2241,2227
2227,2228
2229,2228
2242,2228
2228,2229
2230,2229
2243,2229
2229,2230
2231,2230
2244,2230
2221,2231
2230,2231
2245,2231
2218,2232
2246,2232
2247,2232
2248,2232
2224,2233
2234,2233
2235,2233
2236,2233
2233,2234
2233,2235
2233,2236
2249,2236
2250,2236
2222,2237
2223,2238
2225,2239
2226,2240
2227,2241
2228,2242
2229,2243
2230,2244
2231,2245
2232,2246
2232,2247
2232,2248
2236,2249
2236,2250
2252,2251
2254,2251
2268,2251
2251,2252
2253,2252
2265,2252
2252,2253
2255,2253
2259,2253
2251,2254
2260,2254
2264,2254
2253,2255
2256,2255
2274,2255
2255,2256
2257,2256
2275,2256
2256,2257
2258,2257
2269,2257
2257,2258
2259,2258
2276,2258
2253,2259
2258,2259
2277,2259
2254,2260
2261,2260
2278,2260
2260,2261
2262,2261
2279,2261
2261,2262
2263,2262
2273,2262
2262,2263
2264,2263
2280,2263
2254,2264
2263,2264
2281,2264
2252,2265
2266,2265
2265,2266
2267,2266
2282,2266
2266,2267
2268,2267
2283,2267
2251,2268
2267,2268
2257,2269
2270,2269
2271,2269
2272,2269
2269,2270
2269,2271
2269,2272
2284,2272
2285,2272
2286,2272
2262,2273
2255,2274
2256,2275
2258,2276
2259,2277
2260,2278
2261,2279
2263,2280
2264,2281
2266,2282
2267,2283
2272,2284
2272,2285
2272,2286
2288,2287
2291,2287
2293,2287
2287,2288
2289,2288
2292,2288
2288,2289
2290,2289
2317,2289
2318,2289
2289,2290
2291,2290
2309,2290
2313,2290
2287,2291
2290,2291
2319,2291
2320,2291
2288,2292
2294,2292
2298,2292
2287,2293
2299,2293
2303,2293
2292,2294
2295,2294
2321,2294
2294,2295
2296,2295
2322,2295
2295,2296
2297,2296
2304,2296
2296,2297
2298,2297
2323,2297
2292,2298
2297,2298
2324,2298
2293,2299
2300,2299
2325,2299
2299,2300
2301,2300
2326,2300
2300,2301
2302,2301
2308,2301
2301,2302
2303,2302
2327,2302
2293,2303
2302,2303
2328,2303
2296,2304
2305,2304
2306,2304
2307,2304
2304,2305
2304,2306
2304,2307
2329,2307
2330,2307
2331,2307
2301,2308
2290,2309
2310,2309
2311,2309
2312,2309
2309,2310
2309,2311
2309,2312
2290,2313
2314,2313
2315,2313
2316,2313
2313,2314
2313,2315
2313,2316
2289,2317
2289,2318
2291,2319
2291,2320
2294,2321
2295,2322
2297,2323
2298,2324
2299,2325
2300,2326
2302,2327
2303,2328
2307,2329
2307,2330
2307,2331
2333,2332
2336,2332
2338,2332
2332,2333
2334,2333
2337,2333
2333,2334
2335,2334
2358,2334
2359,2334
2334,2335
2336,2335
2355,2335
2357,2335
2332,2336
2335,2336
2360,2336
2361,2336
2333,2337
2339,2337
2343,2337
2332,2338
2344,2338
2348,2338
2337,2339
2340,2339
2362,2339
2339,2340
2341,2340
2363,2340
2340,2341
2342,2341
2349,2341
2341,2342
2343,2342
2364,2342
2337,2343
2342,2343
2365,2343
2338,2344
2345,2344
2366,2344
2344,2345
2346,2345
2367,2345
2345,2346
2347,2346
2353,2346
2346,2347
2348,2347
2368,2347
2338,2348
2347,2348
2369,2348
2341,2349
2350,2349
2351,2349
2352,2349
2349,2350
2349,2351
2349,2352
2370,2352
2371,2352
2372,2352
2346,2353
2355,2354
2373,2354
2374,2354
2375,2354
2335,2355
2354,2355
2376,2355
2377,2355
2357,2356
2378,2356
2379,2356
2380,2356
2335,2357
2356,2357
2381,2357
2382,2357
2334,2358
2334,2359
2336,2360
2336,2361
2339,2362
2340,2363
2342,2364
2343,2365
2344,2366
2345,2367
2347,2368
2348,2369
2352,2370
2352,2371
2352,2372
2354,2373
2354,2374
2354,2375
2355,2376
2355,2377
2356,2378
2356,2379
2356,2380
2357,2381
2357,2382
2384,2383
2386,2383
2400,2383
2383,2384
2385,2384
2397,2384
2384,2385
2387,2385
2391,2385
2383,2386
2392,2386
2396,2386
2385,2387
2388,2387
2409,2387
2387,2388
2389,2388
2410,2388
2388,2389
2390,2389
2401,2389
2389,2390
2391,2390
2411,2390
2385,2391
2390,2391
2412,2391
2386,2392
2393,2392
2413,2392
2392,2393
2394,2393
2408,2393
2393,2394
2395,2394
2407,2394
2394,2395
2396,2395
2414,2395
2386,2396
2395,2396
2415,2396
2384,2397
2398,2397
2416,2397
2397,2398
2399,2398
2405,2398
2398,2399
2400,2399
2406,2399
2383,2400
2399,2400
2417,2400
2389,2401
2402,2401
2403,2401
2404,2401
2401,2402
2401,2403
2401,2404
2418,2404
2419,2404
2398,2405
2399,2406
2394,2407
2420,2407
2421,2407
2422,2407
2393,2408
2423,2408
2424,2408
2425,2408
2387,2409
2388,2410
2390,2411
2391,2412
2392,2413
2395,2414
2396,2415
2397,2416
2400,2417
2404,2418
2404,2419
2407,2420
2407,2421
2407,2422
2408,2423
2408,2424
2408,2425
2427,2426
2431,2426
2443,2426
2426,2427
2428,2427
2455,2427
2427,2428
2429,2428
2456,2428
2428,2429
2430,2429
2432,2429
2429,2430
2431,2430
2457,2430
2426,2431
2430,2431
2458,2431
2429,2432
2439,2432
2440,2432
2434,2433
2438,2433
2439,2433
2433,2434
2435,2434
2459,2434
2434,2435
2436,2435
2460,2435
2435,2436
2437,2436
2451,2436
2436,2437
2438,2437
2461,2437
2433,2438
2437,2438
2462,2438
2432,2439
2433,2439
2442,2439
2432,2440
2441,2440
2440,2441
2442,2441
2447,2441
2439,2442
2441,2442
2454,2442
2426,2443
2444,2443
2445,2443
2446,2443
2443,2444
2443,2445
2443,2446
2463,2446
2464,2446
2441,2447
2448,2447
2449,2447
2450,2447
2447,2448
2447,2449
2447,2450
2436,2451
2453,2452
2465,2452
2466,2452
2467,2452
2452,2453
2454,2453
2468,2453
2469,2453
2442,2454
2453,2454
2470,2454
2471,2454
2427,2455
2428,2456
2430,2457
2431,2458
2434,2459
2435,2460
2437,2461
2438,2462
2446,2463
2446,2464
2452,2465
2452,2466
2452,2467
2453,2468
2453,2469
2454,2470
2454,2471
2473,2472
2476,2472
2478,2472
2472,2473
2474,2473
2477,2473
2473,2474
2475,2474
2498,2474
2474,2475
2476,2475
2489,2475
2472,2476
2475,2476
2473,2477
2479,2477
2483,2477
2472,2478
2484,2478
2488,2478
2477,2479
2480,2479
2499,2479
2479,2480
2481,2480
2500,2480
2480,2481
2482,2481
2493,2481
2481,2482
2483,2482
2501,2482
2477,2483
2482,2483
2502,2483
2478,2484
2485,2484
2497,2484
2484,2485
2486,2485
2503,2485
2485,2486
2487,2486
2504,2486
2486,2487
2488,2487
2505,2487
2478,2488
2487,2488
2506,2488
2475,2489
2490,2489
2491,2489
2492,2489
2489,2490
2489,2491
2489,2492
2481,2493
2494,2493
2495,2493
2496,2493
2493,2494
2493,2495
2493,2496
2507,2496
2508,2496
2509,2496
2484,2497
2474,2498
2479,2499
2480,2500
2482,2501
2483,2502
2485,2503
2486,2504
2487,2505
2488,2506
2496,2507
2496,2508
2496,2509
2511,2510
2514,2510
2516,2510
2510,2511
2512,2511
2515,2511
2511,2512
2513,2512
2535,2512
2536,2512
2512,2513
2514,2513
2527,2513
2528,2513
2510,2514
2513,2514
2537,2514
2538,2514
2511,2515
2517,2515
2521,2515
2510,2516
2522,2516
2526,2516
2515,2517
2518,2517
2539,2517
2517,2518
2519,2518
2540,2518
2518,2519
2520,2519
2529,2519
2519,2520
2521,2520
2541,2520
2515,2521
2520,2521
2542,2521
2516,2522
2523,2522
2534,2522
2522,2523
2524,2523
2543,2523
2523,2524
2525,2524
2533,2524
2524,2525
2526,2525
2544,2525
2516,2526
2525,2526
2545,2526
2513,2527
2528,2527
2546,2527
2547,2527
2513,2528
2527,2528
2548,2528
2549,2528
2519,2529
2530,2529
2531,2529
2532,2529
2529,2530
2529,2531
2529,2532
2550,2532
2551,2532
2552,2532
2524,2533
2522,2534
2512,2535
2512,2536
2514,2537
2514,2538
2517,2539
2518,2540
2520,2541
2521,2542
2523,2543
2525,2544
2526,2545
2527,2546
2527,2547
2528,2548
2528,2549
2532,2550
2532,2551
2532,2552
2554,2553
2557,2553
2559,2553
2553,2554
2555,2554
2558,2554
2554,2555
2556,2555
2579,2555
2580,2555
2555,2556
2557,2556
2570,2556
2571,2556
2553,2557
2556,2557
2581,2557
2582,2557
2554,2558
2560,2558
2564,2558
2553,2559
2565,2559
2569,2559
2558,2560
2561,2560
2583,2560
2560,2561
2562,2561
2584,2561
2561,2562
2563,2562
2572,2562
2562,2563
2564,2563
2585,2563
2558,2564
2563,2564
2586,2564
2559,2565
2566,2565
2587,2565
2565,2566
2567,2566
2576,2566
2566,2567
2568,2567
2577,2567
2567,2568
2569,2568
2588,2568
2559,2569
2568,2569
2589,2569
2556,2570
2571,2570
2590,2570
2591,2570
2556,2571
2570,2571
2592,2571
2593,2571
2562,2572
2573,2572
2574,2572
2575,2572
2572,2573
2572,2574
2572,2575
2594,2575
2595,2575
2596,2575
2566,2576
2567,2577
2578,2577
2577,2578
2597,2578
2598,2578
2599,2578
2555,2579
2555,2580
2557,2581
2557,2582
2560,2583
2561,2584
2563,2585
2564,2586
2565,2587
2568,2588
2569,2589
2570,2590
2570,2591
2571,2592
2571,2593
2575,2594
2575,2595
2575,2596
2578,2597
2578,2598
2578,2599
2601,2600
2604,2600
2606,2600
2600,2601
2602,2601
2605,2601
2601,2602
2603,2602
2625,2602
2626,2602
2602,2603
2604,2603
2617,2603
2618,2603
2600,2604
2603,2604
2627,2604
2628,2604
2601,2605
2607,2605
2611,2605
2600,2606
2612,2606
2616,2606
2605,2607
2608,2607
2629,2607
2607,2608
2609,2608
2630,2608
2608,2609
2610,2609
2619,2609
2609,2610
2611,2610
2631,2610
2605,2611
2610,2611
2632,2611
2606,2612
2613,2612
2633,2612
2612,2613
2614,2613
2634,2613
2613,2614
2615,2614
2623,2614
2614,2615
2616,2615
2635,2615
2606,2616
2615,2616
2636,2616
2603,2617
2618,2617
2637,2617
2638,2617
2603,2618
2617,2618
2639,2618
2640,2618
2609,2619
2620,2619
2621,2619
2622,2619
2619,2620
2619,2621
2619,2622
2641,2622
2642,2622
2614,2623
2624,2623
2623,2624
2643,2624
2644,2624
2645,2624
2602,2625
2602,2626
2604,2627
2604,2628
2607,2629
2608,2630
2610,2631
2611,2632
2612,2633
2613,2634
2615,2635
2616,2636
2617,2637
2617,2638
2618,2639
2618,2640
2622,2641
2622,2642
2624,2643
2624,2644
2624,2645
2647,2646
2650,2646
2652,2646
2646,2647
2648,2647
2651,2647
2647,2648
2649,2648
2674,2648
2675,2648
2648,2649
2650,2649
2663,2649
2664,2649
2646,2650
2649,2650
2676,2650
2677,2650
2647,2651
2653,2651
2657,2651
2646,2652
2658,2652
2662,2652
2651,2653
2654,2653
2678,2653
2653,2654
2655,2654
2679,2654
2654,2655
2656,2655
2665,2655
2655,2656
2657,2656
2680,2656
2651,2657
2656,2657
2681,2657
2652,2658
2659,2658
2682,2658
2658,2659
2660,2659
2683,2659
2659,2660
2661,2660
2669,2660
2660,2661
2662,2661
2684,2661
2652,2662
2661,2662
2685,2662
2649,2663
2664,2663
2686,2663
2687,2663
2649,2664
2663,2664
2688,2664
2689,2664
2655,2665
2666,2665
2667,2665
2668,2665
2665,2666
2665,2667
2665,2668
2690,2668
2691,2668
2660,2669
2670,2669
2669,2670
2671,2670
2672,2670
2673,2670
2670,2671
2670,2672
2670,2673
2648,2674
2648,2675
2650,2676
2650,2677
2653,2678
2654,2679
2656,2680
2657,2681
2658,2682
2659,2683
2661,2684
2662,2685
2663,2686
2663,2687
2664,2688
2664,2689
2668,2690
2668,2691
2693,2692
2696,2692
2698,2692
2692,2693
2694,2693
2697,2693
2693,2694
2695,2694
2718,2694
2694,2695
2696,2695
2709,2695
2692,2696
2695,2696
2693,2697
2699,2697
2703,2697
2692,2698
2704,2698
2708,2698
2697,2699
2700,2699
2719,2699
2699,2700
2701,2700
2720,2700
2700,2701
2702,2701
2713,2701
2701,2702
2703,2702
2721,2702
2697,2703
2702,2703
2722,2703
2698,2704
2705,2704
2723,2704
2704,2705
2706,2705
2717,2705
2705,2706
2707,2706
2724,2706
2706,2707
2708,2707
2725,2707
2698,2708
2707,2708
2726,2708
2695,2709
2710,2709
2711,2709
2712,2709
2709,2710
2709,2711
2709,2712
2701,2713
2714,2713
2715,2713
2716,2713
2713,2714
2713,2715
2713,2716
2727,2716
2728,2716
2705,2717
2729,2717
2730,2717
2731,2717
2694,2718
2699,2719
2700,2720
2702,2721
2703,2722
2704,2723
2706,2724
2707,2725
2708,2726
2716,2727
2716,2728
2717,2729
2717,2730
2717,2731
2733,2732
2736,2732
2738,2732
2732,2733
2734,2733
2737,2733
2733,2734
2735,2734
2759,2734
2734,2735
2736,2735
2749,2735
2732,2736
2735,2736
2733,2737
2739,2737
2743,2737
2732,2738
2744,2738
2748,2738
2737,2739
2740,2739
2760,2739
2739,2740
2741,2740
2761,2740
2740,2741
2742,2741
2753,2741
2741,2742
2743,2742
2762,2742
2737,2743
2742,2743
2763,2743
2738,2744
2745,2744
2758,2744
2744,2745
2746,2745
2764,2745
2745,2746
2747,2746
2765,2746
2746,2747
2748,2747
2757,2747
2738,2748
2747,2748
2766,2748
2735,2749
2750,2749
2751,2749
2752,2749
2749,2750
2749,2751
2749,2752
2741,2753
2754,2753
2755,2753
2756,2753
2753,2754
2753,2755
2753,2756
2767,2756
2768,2756
2769,2756
2747,2757
2744,2758
2770,2758
2771,2758
2772,2758
2734,2759
2739,2760
2740,2761
2742,2762
2743,2763
2745,2764
2746,2765
2748,2766
2756,2767
2756,2768
2756,2769
2758,2770
2758,2771
2758,2772
2774,2773
2777,2773
2779,2773
2773,2774
2775,2774
2778,2774
2774,2775
2776,2775
2797,2775
2798,2775
2775,2776
2777,2776
2795,2776
2796,2776
2773,2777
2776,2777
2799,2777
2800,2777
2774,2778
2780,2778
2784,2778
2773,2779
2785,2779
2789,2779
2778,2780
2781,2780
2801,2780
2780,2781
2782,2781
2802,2781
2781,2782
2783,2782
2790,2782
2782,2783
2784,2783
2803,2783
2778,2784
2783,2784
2804,2784
2779,2785
2786,2785
2805,2785
2785,2786
2787,2786
2806,2786
2786,2787
2788,2787
2794,2787
2787,2788
2789,2788
2807,2788
2779,2789
2788,2789
2808,2789
2782,2790
2791,2790
2792,2790
2793,2790
2790,2791
2790,2792
2790,2793
2809,2793
2810,2793
2811,2793
2787,2794
2776,2795
2812,2795
2813,2795
2814,2795
2776,2796
2815,2796
2816,2796
2817,2796
2775,2797
2775,2798
2777,2799
2777,2800
2780,2801
2781,2802
2783,2803
2784,2804
2785,2805
2786,2806
2788,2807
2789,2808
2793,2809
2793,2810
2793,2811
2795,2812
2795,2813
2795,2814
2796,2815
2796,2816
2796,2817
2819,2818
2822,2818
2824,2818
2818,2819
2820,2819
2823,2819
2819,2820
2821,2820
2835,2820
2820,2821
2822,2821
2818,2822
2821,2822
2819,2823
2825,2823
2829,2823
2818,2824
2830,2824
2834,2824
2823,2825
2826,2825
2840,2825
2825,2826
2827,2826
2841,2826
2826,2827
2828,2827
2836,2827
2827,2828
2829,2828
2842,2828
2823,2829
2828,2829
2843,2829
2824,2830
2831,2830
2844,2830
2830,2831
2832,2831
2845,2831
2831,2832
2833,2832
2846,2832
2832,2833
2834,2833
2847,2833
2824,2834
2833,2834
2848,2834
2820,2835
2849,2835
2850,2835
2851,2835
2827,2836
2837,2836
2838,2836
2839,2836
2836,2837
2836,2838
2836,2839
2852,2839
2853,2839
2825,2840
2826,2841
2828,2842
2829,2843
2830,2844
2831,2845
2832,2846
2833,2847
2834,2848
2835,2849
2835,2850
2835,2851
2839,2852
2839,2853
2855,2854
2858,2854
2860,2854
2854,2855
2856,2855
2859,2855
2855,2856
2857,2856
2871,2856
2856,2857
2858,2857
2877,2857
2854,2858
2857,2858
2855,2859
2861,2859
2865,2859
2854,2860
2866,2860
2870,2860
2859,2861
2862,2861
2878,2861
2861,2862
2863,2862
2879,2862
2862,2863
2864,2863
2873,2863
2863,2864
2865,2864
2880,2864
2859,2865
2864,2865
2881,2865
2860,2866
2867,2866
2882,2866
2866,2867
2868,2867
2883,2867
2867,2868
2869,2868
2872,2868
2868,2869
2870,2869
2884,2869
2860,2870
2869,2870
2885,2870
2856,2871
2868,2872
2863,2873
2874,2873
2875,2873
2876,2873
2873,2874
2873,2875
2873,2876
2886,2876
2887,2876
2888,2876
2857,2877
2861,2878
2862,2879
2864,2880
2865,2881
2866,2882
2867,2883
2869,2884
2870,2885
2876,2886
2876,2887
2876,2888
2890,2889
2893,2889
2895,2889
2889,2890
2891,2890
2894,2890
2890,2891
2892,2891
2891,2892
2893,2892
2906,2892
2889,2893
2892,2893
2909,2893
2890,2894
2896,2894
2900,2894
2889,2895
2901,2895
2905,2895
2894,2896
2897,2896
2915,2896
2896,2897
2898,2897
2916,2897
2897,2898
2899,2898
2911,2898
2898,2899
2900,2899
2917,2899
2894,2900
2899,2900
2918,2900
2895,2901
2902,2901
2919,2901
2901,2902
2903,2902
2920,2902
2902,2903
2904,2903
2910,2903
2903,2904
2905,2904
2921,2904
2895,2905
2904,2905
2922,2905
2892,2906
2907,2906
2923,2906
2906,2907
2908,2907
2924,2907
2907,2908
2909,2908
2925,2908
2893,2909
2908,2909
2926,2909
2903,2910
2898,2911
2912,2911
2913,2911
2914,2911
2911,2912
2911,2913
2911,2914
2927,2914
2928,2914
2896,2915
2897,2916
2899,2917
2900,2918
2901,2919
2902,2920
2904,2921
2905,2922
2906,2923
2907,2924
2908,2925
2909,2926
2914,2927
2914,2928
2930,2929
2934,2929
2946,2929
2929,2930
2931,2930
2958,2930
2930,2931
2932,2931
2959,2931
2931,2932
2933,2932
2935,2932
2932,2933
2934,2933
2960,2933
2929,2934
2933,2934
2961,2934
2932,2935
2942,2935
2943,2935
2937,2936
2941,2936
2942,2936
2936,2937
2938,2937
2962,2937
2937,2938
2939,2938
2954,2938
2938,2939
2940,2939
2955,2939
2939,2940
2941,2940
2963,2940
2936,2941
2940,2941
2964,2941
2935,2942
2936,2942
2945,2942
2935,2943
2944,2943
2943,2944
2945,2944
2950,2944
2942,2945
2944,2945
2965,2945
2929,2946
2947,2946
2948,2946
2949,2946
2946,2947
2946,2948
2946,2949
2966,2949
2967,2949
2944,2950
2951,2950
2952,2950
2953,2950
2950,2951
2950,2952
2950,2953
2938,2954
2939,2955
2956,2955
2957,2955
2955,2956
2968,2956
2969,2956
2970,2956
2955,2957
2971,2957
2972,2957
2973,2957
2930,2958
2931,2959
2933,2960
2934,2961
2937,2962
2940,2963
2941,2964
2945,2965
2949,2966
2949,2967
2956,2968
2956,2969
2956,2970
2957,2971
2957,2972
2957,2973
2975,2974
2978,2974
2980,2974
2974,2975
2976,2975
2979,2975
2975,2976
2977,2976
3001,2976
2976,2977
2978,2977
2995,2977
2974,2978
2977,2978
2975,2979
2981,2979
2985,2979
2974,2980
2986,2980
2990,2980
2979,2981
2982,2981
3002,2981
2981,2982
2983,2982
3003,2982
2982,2983
2984,2983
2991,2983
2983,2984
2985,2984
3004,2984
2979,2985
2984,2985
3005,2985
2980,2986
2987,2986
3006,2986
2986,2987
2988,2987
2999,2987
2987,2988
2989,2988
3007,2988
2988,2989
2990,2989
2980,2990
2989,2990
3008,2990
2983,2991
2992,2991
2993,2991
2994,2991
2991,2992
2991,2993
2991,2994
3009,2994
3010,2994
3011,2994
2977,2995
2996,2995
2997,2995
2998,2995
2995,2996
2995,2997
2995,2998
2987,2999
3000,2999
2999,3000
3012,3000
3013,3000
3014,3000
2976,3001
2981,3002
2982,3003
2984,3004
2985,3005
2986,3006
2988,3007
2990,3008
2994,3009
2994,3010
2994,3011
3000,3012
3000,3013
3000,3014
3016,3015
3020,3015
3031,3015
3015,3016
3017,3016
3043,3016
3016,3017
3018,3017
3044,3017
3017,3018
3019,3018
3021,3018
3018,3019
3020,3019
3045,3019
3015,3020
3019,3020
3046,3020
3018,3021
3023,3021
3024,3021
3023,3022
3027,3022
3030,3022
3021,3023
3022,3023
3026,3023
3021,3024
3025,3024
3024,3025
3026,3025
3035,3025
3023,3026
3025,3026
3047,3026
3022,3027
3028,3027
3027,3028
3029,3028
3039,3028
3028,3029
3030,3029
3042,3029
3022,3030
3029,3030
3048,3030
3015,3031
3032,3031
3033,3031
3034,3031
3031,3032
3031,3033
3031,3034
3049,3034
3050,3034
3025,3035
3036,3035
3037,3035
3038,3035
3035,3036
3035,3037
3035,3038
3028,3039
3040,3039
3051,3039
3039,3040
3041,3040
3052,3040
3040,3041
3042,3041
3053,3041
3029,3042
3041,3042
3054,3042
3016,3043
3017,3044
3019,3045
3020,3046
3026,3047
3030,3048
3034,3049
3034,3050
3039,3051
3040,3052
3041,3053
3042,3054
3056,3055
3059,3055
3061,3055
3055,3056
3057,3056
3060,3056
3056,3057
3058,3057
3081,3057
3057,3058
3059,3058
3072,3058
3055,3059
3058,3059
3056,3060
3062,3060
3066,3060
3055,3061
3067,3061
3071,3061
3060,3062
3063,3062
3082,3062
3062,3063
3064,3063
3083,3063
3063,3064
3065,3064
3076,3064
3064,3065
3066,3065
3084,3065
3060,3066
3065,3066
3085,3066
3061,3067
3068,3067
3080,3067
3067,3068
3069,3068
3086,3068
3068,3069
3070,3069
3087,3069
3069,3070
3071,3070
3088,3070
3061,3071
3070,3071
3089,3071
3058,3072
3073,3072
3074,3072
3075,3072
3072,3073
3072,3074
3072,3075
3064,3076
3077,3076
3078,3076
3079,3076
3076,3077
3076,3078
3076,3079
3090,3079
3091,3079
3092,3079
3067,3080
3093,3080
3094,3080
3095,3080
3057,3081
3062,3082
3063,3083
3065,3084
3066,3085
3068,3086
3069,3087
3070,3088
3071,3089
3079,3090
3079,3091
3079,3092
3080,3093
3080,3094
3080,3095
3097,3096
3099,3096
3113,3096
3096,3097
3098,3097
3110,3097
3097,3098
3100,3098
3104,3098
3096,3099
3105,3099
3109,3099
3098,3100
3101,3100
3123,3100
3100,3101
3102,3101
3124,3101
3101,3102
3103,3102
3114,3102
3102,3103
3104,3103
3125,3103
3098,3104
3103,3104
3126,3104
3099,3105
3106,3105
3127,3105
3105,3106
3107,3106
3120,3106
3106,3107
3108,3107
3121,3107
3107,3108
3109,3108
3128,3108
3099,3109
3108,3109
3129,3109
3097,3110
3111,3110
3130,3110
3110,3111
3112,3111
3118,3111
3111,3112
3113,3112
3119,3112
3096,3113
3112,3113
3131,3113
3102,3114
3115,3114
3116,3114
3117,3114
3114,3115
3114,3116
3114,3117
3132,3117
3133,3117
3111,3118
3112,3119
3106,3120
3107,3121
3122,3121
3121,3122
3134,3122
3135,3122
3136,3122
3100,3123
3101,3124
3103,3125
3104,3126
3105,3127
3108,3128
3109,3129
3110,3130
3113,3131
3117,3132
3117,3133
3122,3134
3122,3135
3122,3136
3138,3137
3141,3137
3143,3137
3137,3138
3139,3138
3142,3138
3138,3139
3140,3139
3139,3140
3141,3140
3159,3140
3137,3141
3140,3141
3138,3142
3144,3142
3148,3142
3137,3143
3149,3143
3153,3143
3142,3144
3145,3144
3164,3144
3144,3145
3146,3145
3165,3145
3145,3146
3147,3146
3154,3146
3146,3147
3148,3147
3166,3147
3142,3148
3147,3148
3167,3148
3143,3149
3150,3149
3168,3149
3149,3150
3151,3150
3169,3150
3150,3151
3152,3151
3155,3151
3151,3152
3153,3152
3170,3152
3143,3153
3152,3153
3171,3153
3146,3154
3151,3155
3156,3155
3157,3155
3158,3155
3155,3156
3155,3157
3155,3158
3172,3158
3173,3158
3174,3158
3140,3159
3160,3159
3163,3159
3159,3160
3161,3160
3175,3160
3160,3161
3162,3161
3176,3161
3161,3162
3163,3162
3177,3162
3159,3163
3162,3163
3144,3164
3145,3165
3147,3166
3148,3167
3149,3168
3150,3169
3152,3170
3153,3171
3158,3172
3158,3173
3158,3174
3160,3175
3161,3176
3162,3177
3179,3178
3182,3178
3184,3178
3178,3179
3180,3179
3183,3179
3179,3180
3181,3180
3204,3180
3205,3180
3180,3181
3182,3181
3195,3181
3196,3181
3178,3182
3181,3182
3206,3182
3207,3182
3179,3183
3185,3183
3189,3183
3178,3184
3190,3184
3194,3184
3183,3185
3186,3185
3208,3185
3185,3186
3187,3186
3209,3186
3186,3187
3188,3187
3197,3187
3187,3188
3189,3188
3210,3188
3183,3189
3188,3189
3211,3189
3184,3190
3191,3190
3212,3190
3190,3191
3192,3191
3201,3191
3191,3192
3193,3192
3202,3192
3192,3193
3194,3193
3213,3193
3184,3194
3193,3194
3214,3194
3181,3195
3196,3195
3215,3195
3216,3195
3181,3196
3195,3196
3217,3196
3218,3196
3187,3197
3198,3197
3199,3197
3200,3197
3197,3198
3197,3199
3197,3200
3219,3200
3220,3200
3191,3201
3192,3202
3203,3202
3202,3203
3221,3203
3222,3203
3223,3203
3180,3204
3180,3205
3182,3206
3182,3207
3185,3208
3186,3209
3188,3210
3189,3211
3190,3212
3193,3213
3194,3214
3195,3215
3195,3216
3196,3217
3196,3218
3200,3219
3200,3220
3203,3221
3203,3222
3203,3223
3225,3224
3228,3224
3230,3224
3224,3225
3226,3225
3229,3225
3225,3226
3227,3226
3249,3226
3226,3227
3228,3227
3236,3227
3224,3228
3227,3228
3225,3229
3231,3229
3235,3229
3224,3230
3244,3230
3247,3230
3229,3231
3232,3231
3250,3231
3231,3232
3233,3232
3251,3232
3232,3233
3234,3233
3240,3233
3233,3234
3235,3234
3252,3234
3229,3235
3234,3235
3253,3235
3227,3236
3237,3236
3238,3236
3239,3236
3236,3237
3236,3238
3236,3239
3233,3240
3241,3240
3242,3240
3243,3240
3240,3241
3240,3242
3240,3243
3254,3243
3255,3243
3230,3244
3245,3244
3256,3244
3244,3245
3246,3245
3245,3246
3247,3246
3248,3246
3230,3247
3246,3247
3246,3248
3257,3248
3258,3248
3259,3248
3226,3249
3231,3250
3232,3251
3234,3252
3235,3253
3243,3254
3243,3255
3244,3256
3248,3257
3248,3258
3248,3259
3261,3260
3263,3260
3277,3260
3260,3261
3262,3261
3274,3261
3261,3262
3264,3262
3268,3262
3260,3263
3269,3263
3273,3263
3262,3264
3265,3264
3288,3264
3264,3265
3266,3265
3289,3265
3265,3266
3267,3266
3278,3266
3266,3267
3268,3267
3290,3267
3262,3268
3267,3268
3291,3268
3263,3269
3270,3269
3292,3269
3269,3270
3271,3270
3284,3270
3270,3271
3272,3271
3285,3271
3271,3272
3273,3272
3293,3272
3263,3273
3272,3273
3294,3273
3261,3274
3275,3274
3295,3274
3274,3275
3276,3275
3282,3275
3275,3276
3277,3276
3283,3276
3260,3277
3276,3277
3296,3277
3266,3278
3279,3278
3280,3278
3281,3278
3278,3279
3278,3280
3278,3281
3297,3281
3298,3281
3275,3282
3276,3283
3270,3284
3271,3285
3286,3285
3287,3285
3285,3286
3299,3286
3300,3286
3301,3286
3285,3287
3302,3287
3303,3287
3304,3287
3264,3288
3265,3289
3267,3290
3268,3291
3269,3292
3272,3293
3273,3294
3274,3295
3277,3296
3281,3297
3281,3298
3286,3299
3286,3300
3286,3301
3287,3302
3287,3303
3287,3304
3306,3305
3309,3305
3311,3305
3305,3306
3307,3306
3310,3306
3306,3307
3308,3307
3334,3307
3307,3308
3309,3308
3322,3308
3305,3309
3308,3309
3306,3310
3312,3310
3316,3310
3305,3311
3317,3311
3321,3311
3310,3312
3313,3312
3335,3312
3312,3313
3314,3313
3336,3313
3313,3314
3315,3314
3326,3314
3314,3315
3316,3315
3337,3315
3310,3316
3315,3316
3338,3316
3311,3317
3318,3317
3339,3317
3317,3318
3319,3318
3331,3318
3318,3319
3320,3319
3332,3319
3319,3320
3321,3320
3330,3320
3311,3321
3320,3321
3340,3321
3308,3322
3323,3322
3324,3322
3325,3322
3322,3323
3322,3324
3322,3325
3314,3326
3327,3326
3328,3326
3329,3326
3326,3327
3326,3328
3326,3329
3341,3329
3342,3329
3343,3329
3320,3330
3344,3330
3345,3330
3346,3330
3318,3331
3347,3331
3348,3331
3349,3331
3319,3332
3333,3332
3332,3333
3350,3333
3351,3333
3352,3333
3307,3334
3312,3335
3313,3336
3315,3337
3316,3338
3317,3339
3321,3340
3329,3341
3329,3342
3329,3343
3330,3344
3330,3345
3330,3346
3331,3347
3331,3348
3331,3349
3333,3350
3333,3351
3333,3352
3354,3353
3357,3353
3359,3353
3353,3354
3355,3354
3358,3354
3354,3355
3356,3355
3381,3355
3355,3356
3357,3356
3370,3356
3353,3357
3356,3357
3354,3358
3360,3358
3364,3358
3353,3359
3365,3359
3369,3359
3358,3360
3361,3360
3382,3360
3360,3361
3362,3361
3383,3361
3361,3362
3363,3362
3374,3362
3362,3363
3364,3363
3384,3363
3358,3364
3363,3364
3385,3364
3359,3365
3366,3365
3386,3365
3365,3366
3367,3366
3378,3366
3366,3367
3368,3367
3379,3367
3367,3368
3369,3368
3387,3368
3359,3369
3368,3369
3388,3369
3356,3370
3371,3370
3372,3370
3373,3370
3370,3371
3370,3372
3370,3373
3362,3374
3375,3374
3376,3374
3377,3374
3374,3375
3374,3376
3374,3377
3389,3377
3390,3377
3391,3377
3366,3378
3367,3379
3380,3379
3379,3380
3392,3380
3393,3380
3394,3380
3355,3381
3360,3382
3361,3383
3363,3384
3364,3385
3365,3386
3368,3387
3369,3388
3377,3389
3377,3390
3377,3391
3380,3392
3380,3393
3380,3394
3396,3395
3398,3395
3412,3395
3395,3396
3397,3396
3409,3396
3396,3397
3399,3397
3403,3397
3395,3398
3404,3398
3408,3398
3397,3399
3400,3399
3421,3399
3399,3400
3401,3400
3422,3400
3400,3401
3402,3401
3413,3401
3401,3402
3403,3402
3423,3402
3397,3403
3402,3403
3424,3403
3398,3404
3405,3404
3425,3404
3404,3405
3406,3405
3420,3405
3405,3406
3407,3406
3419,3406
3406,3407
3408,3407
3426,3407
3398,3408
3407,3408
3427,3408
3396,3409
3410,3409
3428,3409
3409,3410
3411,3410
3417,3410
3410,3411
3412,3411
3418,3411
3395,3412
3411,3412
3429,3412
3401,3413
3414,3413
3415,3413
3416,3413
3413,3414
3413,3415
3413,3416
3430,3416
3431,3416
3410,3417
3411,3418
3406,3419
3405,3420
3432,3420
3433,3420
3434,3420
3399,3421
3400,3422
3402,3423
3403,3424
3404,3425
3407,3426
3408,3427
3409,3428
3412,3429
3416,3430
3416,3431
3420,3432
3420,3433
3420,3434
3436,3435
3438,3435
3452,3435
3435,3436
3437,3436
3449,3436
3436,3437
3439,3437
3443,3437
3435,3438
3444,3438
3448,3438
3437,3439
3440,3439
3460,3439
3439,3440
3441,3440
3461,3440
3440,3441
3442,3441
3453,3441
3441,3442
3443,3442
3462,3442
3437,3443
3442,3443
3463,3443
3438,3444
3445,3444
3464,3444
3444,3445
3446,3445
3457,3445
3445,3446
3447,3446
3458,3446
3446,3447
3448,3447
3465,3447
3438,3448
3447,3448
3466,3448
3436,3449
3450,3449
3467,3449
3449,3450
3451,3450
3468,3450
3450,3451
3452,3451
3469,3451
3435,3452
3451,3452
3470,3452
3441,3453
3454,3453
3455,3453
3456,3453
3453,3454
3453,3455
3453,3456
3471,3456
3472,3456
3445,3457
3446,3458
3459,3458
3458,3459
3473,3459
3474,3459
3475,3459
3439,3460
3440,3461
3442,3462
3443,3463
3444,3464
3447,3465
3448,3466
3449,3467
3450,3468
3451,3469
3452,3470
3456,3471
3456,3472
3459,3473
3459,3474
3459,3475
3477,3476
3480,3476
3482,3476
3476,3477
3478,3477
3481,3477
3477,3478
3479,3478
3505,3478
3478,3479
3480,3479
3493,3479
3476,3480
3479,3480
3477,3481
3483,3481
3487,3481
3476,3482
3488,3482
3492,3482
3481,3483
3484,3483
3506,3483
3483,3484
3485,3484
3507,3484
3484,3485
3486,3485
3497,3485
3485,3486
3487,3486
3508,3486
3481,3487
3486,3487
3509,3487
3482,3488
3489,3488
3510,3488
3488,3489
3490,3489
3502,3489
3489,3490
3491,3490
3503,3490
3490,3491
3492,3491
3501,3491
3482,3492
3491,3492
3511,3492
3479,3493
3494,3493
3495,3493
3496,3493
3493,3494
3493,3495
3493,3496
3485,3497
3498,3497
3499,3497
3500,3497
3497,3498
3497,3499
3497,3500
3512,3500
3513,3500
3514,3500
3491,3501
3489,3502
3490,3503
3504,3503
3503,3504
3515,3504
3516,3504
3517,3504
3478,3505
3483,3506
3484,3507
3486,3508
3487,3509
3488,3510
3492,3511
3500,3512
3500,3513
3500,3514
3504,3515
3504,3516
3504,3517
3519,3518
3521,3518
3535,3518
3518,3519
3520,3519
3532,3519
3519,3520
3522,3520
3526,3520
3518,3521
3527,3521
3531,3521
3520,3522
3523,3522
3543,3522
3522,3523
3524,3523
3544,3523
3523,3524
3525,3524
3536,3524
3524,3525
3526,3525
3545,3525
3520,3526
3525,3526
3546,3526
3521,3527
3528,3527
3547,3527
3527,3528
3529,3528
3540,3528
3528,3529
3530,3529
3541,3529
3529,3530
3531,3530
3548,3530
3521,3531
3530,3531
3549,3531
3519,3532
3533,3532
3550,3532
3532,3533
3534,3533
3551,3533
3533,3534
3535,3534
3552,3534
3518,3535
3534,3535
3553,3535
3524,3536
3537,3536
3538,3536
3539,3536
3536,3537
3536,3538
3536,3539
3554,3539
3555,3539
3556,3539
3528,3540
3529,3541
3542,3541
3541,3542
3557,3542
3558,3542
3559,3542
3522,3543
3523,3544
3525,3545
3526,3546
3527,3547
3530,3548
3531,3549
3532,3550
3533,3551
3534,3552
3535,3553
3539,3554
3539,3555
3539,3556
3542,3557
3542,3558
3542,3559
3561,3560
3564,3560
3566,3560
3560,3561
3562,3561
3565,3561
3561,3562
3563,3562
3586,3562
3562,3563
3564,3563
3577,3563
3560,3564
3563,3564
3561,3565
3567,3565
3571,3565
3560,3566
3572,3566
3576,3566
3565,3567
3568,3567
3587,3567
3567,3568
3569,3568
3588,3568
3568,3569
3570,3569
3582,3569
3569,3570
3571,3570
3589,3570
3565,3571
3570,3571
3590,3571
3566,3572
3573,3572
3591,3572
3572,3573
3574,3573
3592,3573
3573,3574
3575,3574
3581,3574
3574,3575
3576,3575
3593,3575
3566,3576
3575,3576
3594,3576
3563,3577
3578,3577
3579,3577
3580,3577
3577,3578
3577,3579
3577,3580
3574,3581
3569,3582
3583,3582
3584,3582
3585,3582
3582,3583
3582,3584
3582,3585
3595,3585
3596,3585
3562,3586
3567,3587
3568,3588
3570,3589
3571,3590
3572,3591
3573,3592
3575,3593
3576,3594
3585,3595
3585,3596
3598,3597
3600,3597
3614,3597
3597,3598
3599,3598
3611,3598
3598,3599
3601,3599
3605,3599
3597,3600
3606,3600
3610,3600
3599,3601
3602,3601
3624,3601
3601,3602
3603,3602
3625,3602
3602,3603
3604,3603
3615,3603
3603,3604
3605,3604
3626,3604
3599,3605
3604,3605
3627,3605
3600,3606
3607,3606
3628,3606
3606,3607
3608,3607
3621,3607
3607,3608
3609,3608
3622,3608
3608,3609
3610,3609
3629,3609
3600,3610
3609,3610
3630,3610
3598,3611
3612,3611
3631,3611
3611,3612
3613,3612
3619,3612
3612,3613
3614,3613
3620,3613
3597,3614
3613,3614
3632,3614
3603,3615
3616,3615
3617,3615
3618,3615
3615,3616
3615,3617
3615,3618
3633,3618
3634,3618
3612,3619
3613,3620
3607,3621
3608,3622
3623,3622
3622,3623
3635,3623
3636,3623
3637,3623
3601,3624
3602,3625
3604,3626
3605,3627
3606,3628
3609,3629
3610,3630
3611,3631
3614,3632
3618,3633
3618,3634
3623,3635
3623,3636
3623,3637
3639,3638
3642,3638
3644,3638
3638,3639
3640,3639
3643,3639
3639,3640
3641,3640
3665,3640
3640,3641
3642,3641
3655,3641
3638,3642
3641,3642
3639,3643
3645,3643
3649,3643
3638,3644
3650,3644
3654,3644
3643,3645
3646,3645
3666,3645
3645,3646
3647,3646
3667,3646
3646,3647
3648,3647
3659,3647
3647,3648
3649,3648
3668,3648
3643,3649
3648,3649
3669,3649
3644,3650
3651,3650
3670,3650
3650,3651
3652,3651
3663,3651
3651,3652
3653,3652
3664,3652
3652,3653
3654,3653
3671,3653
3644,3654
3653,3654
3672,3654
3641,3655
3656,3655
3657,3655
3658,3655
3655,3656
3655,3657
3655,3658
3647,3659
3660,3659
3661,3659
3662,3659
3659,3660
3659,3661
3659,3662
3673,3662
3674,3662
3675,3662
3651,3663
3652,3664
3676,3664
3677,3664
3678,3664
3640,3665
3645,3666
3646,3667
3648,3668
3649,3669
3650,3670
3653,3671
3654,3672
3662,3673
3662,3674
3662,3675
3664,3676
3664,3677
3664,3678
3680,3679
3683,3679
3685,3679
3679,3680
3681,3680
3684,3680
3680,3681
3682,3681
3708,3681
3681,3682
3683,3682
3696,3682
3679,3683
3682,3683
3680,3684
3686,3684
3690,3684
3679,3685
3691,3685
3695,3685
3684,3686
3687,3686
3709,3686
3686,3687
3688,3687
3710,3687
3687,3688
3689,3688
3700,3688
3688,3689
3690,3689
3711,3689
3684,3690
3689,3690
3712,3690
3685,3691
3692,3691
3713,3691
3691,3692
3693,3692
3705,3692
3692,3693
3694,3693
3704,3693
3693,3694
3695,3694
3714,3694
3685,3695
3694,3695
3715,3695
3682,3696
3697,3696
3698,3696
3699,3696
3696,3697
3696,3698
3696,3699
3688,3700
3701,3700
3702,3700
3703,3700
3700,3701
3700,3702
3700,3703
3716,3703
3717,3703
3718,3703
3693,3704
3692,3705
3706,3705
3707,3705
3705,3706
3719,3706
3720,3706
3721,3706
3705,3707
3722,3707
3723,3707
3724,3707
3681,3708
3686,3709
3687,3710
3689,3711
3690,3712
3691,3713
3694,3714
3695,3715
3703,3716
3703,3717
3703,3718
3706,3719
3706,3720
3706,3721
3707,3722
3707,3723
3707,3724
3726,3725
3728,3725
3742,3725
3725,3726
3727,3726
3739,3726
3726,3727
3729,3727
3733,3727
3725,3728
3734,3728
3738,3728
3727,3729
3730,3729
3749,3729
3729,3730
3731,3730
3750,3730
3730,3731
3732,3731
3744,3731
3731,3732
3733,3732
3751,3732
3727,3733
3732,3733
3752,3733
3728,3734
3735,3734
3753,3734
3734,3735
3736,3735
3748,3735
3735,3736
3737,3736
3743,3736
3736,3737
3738,3737
3754,3737
3728,3738
3737,3738
3755,3738
3726,3739
3740,3739
3756,3739
3739,3740
3741,3740
3757,3740
3740,3741
3742,3741
3758,3741
3725,3742
3741,3742
3759,3742
3736,3743
3731,3744
3745,3744
3746,3744
3747,3744
3744,3745
3744,3746
3744,3747
3760,3747
3761,3747
3762,3747
3735,3748
3729,3749
3730,3750
3732,3751
3733,3752
3734,3753
3737,3754
3738,3755
3739,3756
3740,3757
3741,3758
3742,3759
3747,3760
3747,3761
3747,3762
3764,3763
3767,3763
3769,3763
3763,3764
3765,3764
3768,3764
3764,3765
3766,3765
3765,3766
3767,3766
3785,3766
3763,3767
3766,3767
3764,3768
3770,3768
3774,3768
3763,3769
3775,3769
3779,3769
3768,3770
3771,3770
3795,3770
3770,3771
3772,3771
3796,3771
3771,3772
3773,3772
3787,3772
3772,3773
3774,3773
3780,3773
3768,3774
3773,3774
3797,3774
3769,3775
3776,3775
3798,3775
3775,3776
3777,3776
3799,3776
3776,3777
3778,3777
3781,3777
3777,3778
3779,3778
3800,3778
3769,3779
3778,3779
3801,3779
3773,3780
3777,3781
3782,3781
3783,3781
3784,3781
3781,3782
3781,3783
3781,3784
3802,3784
3803,3784
3766,3785
3786,3785
3804,3785
3785,3786
3789,3786
3805,3786
3806,3786
3772,3787
3788,3787
3787,3788
3807,3788
3808,3788
3809,3788
3786,3789
3790,3789
3794,3789
3789,3790
3791,3790
3810,3790
3790,3791
3792,3791
3811,3791
3791,3792
3793,3792
3812,3792
3792,3793
3794,3793
3813,3793
3789,3794
3793,3794
3814,3794
3770,3795
3771,3796
3774,3797
3775,3798
3776,3799
3778,3800
3779,3801
3784,3802
3784,3803
3785,3804
3786,3805
3786,3806
3788,3807
3788,3808
3788,3809
3790,3810
3791,3811
3792,3812
3793,3813
3794,3814
3816,3815
3820,3815
3832,3815
3815,3816
3817,3816
3843,3816
3816,3817
3818,3817
3844,3817
3817,3818
3819,3818
3821,3818
3818,3819
3820,3819
3845,3819
3815,3820
3819,3820
3846,3820
3818,3821
3828,3821
3829,3821
3823,3822
3827,3822
3828,3822
3822,3823
3824,3823
3847,3823
3823,3824
3825,3824
3840,3824
3824,3825
3826,3825
3841,3825
3825,3826
3827,3826
3848,3826
3822,3827
3826,3827
3849,3827
3821,3828
3822,3828
3831,3828
3821,3829
3830,3829
3829,3830
3831,3830
3836,3830
3828,3831
3830,3831
3850,3831
3815,3832
3833,3832
3834,3832
3835,3832
3832,3833
3832,3834
3832,3835
3851,3835
3852,3835
3830,3836
3837,3836
3838,3836
3839,3836
3836,3837
3836,3838
3836,3839
3824,3840
3853,3840
3854,3840
3855,3840
3825,3841
3842,3841
3841,3842
3856,3842
3857,3842
3858,3842
3816,3843
3817,3844
3819,3845
3820,3846
3823,3847
3826,3848
3827,3849
3831,3850
3835,3851
3835,3852
3840,3853
3840,3854
3840,3855
3842,3856
3842,3857
3842,3858
3860,3859
3863,3859
3865,3859
3859,3860
3861,3860
3864,3860
3860,3861
3862,3861
3882,3861
3883,3861
3861,3862
3863,3862
3884,3862
3885,3862
3859,3863
3862,3863
3886,3863
3887,3863
3860,3864
3866,3864
3870,3864
3859,3865
3871,3865
3875,3865
3864,3866
3867,3866
3888,3866
3866,3867
3868,3867
3889,3867
3867,3868
3869,3868
3876,3868
3868,3869
3870,3869
3890,3869
3864,3870
3869,3870
3891,3870
3865,3871
3872,3871
3881,3871
3871,3872
3873,3872
3892,3872
3872,3873
3874,3873
3880,3873
3873,3874
3875,3874
3893,3874
3865,3875
3874,3875
3894,3875
3868,3876
3877,3876
3878,3876
3879,3876
3876,3877
3876,3878
3876,3879
3895,3879
3896,3879
3897,3879
3873,3880
3871,3881
3898,3881
3899,3881
3900,3881
3861,3882
3861,3883
3862,3884
3862,3885
3863,3886
3863,3887
3866,3888
3867,3889
3869,3890
3870,3891
3872,3892
3874,3893
3875,3894
3879,3895
3879,3896
3879,3897
3881,3898
3881,3899
3881,3900
3902,3901
3905,3901
3907,3901
3901,3902
3903,3902
3906,3902
3902,3903
3904,3903
3928,3903
3903,3904
3905,3904
3918,3904
3901,3905
3904,3905
3902,3906
3908,3906
3912,3906
3901,3907
3913,3907
3917,3907
3906,3908
3909,3908
3929,3908
3908,3909
3910,3909
3930,3909
3909,3910
3911,3910
3922,3910
3910,3911
3912,3911
3931,3911
3906,3912
3911,3912
3932,3912
3907,3913
3914,3913
3933,3913
3913,3914
3915,3914
3926,3914
3914,3915
3916,3915
3927,3915
3915,3916
3917,3916
3934,3916
3907,3917
3916,3917
3935,3917
3904,3918
3919,3918
3920,3918
3921,3918
3918,3919
3918,3920
3918,3921
3910,3922
3923,3922
3924,3922
3925,3922
3922,3923
3922,3924
3922,3925
3936,3925
3937,3925
3938,3925
3914,3926
3939,3926
3940,3926
3941,3926
3915,3927
3903,3928
3908,3929
3909,3930
3911,3931
3912,3932
3913,3933
3916,3934
3917,3935
3925,3936
3925,3937
3925,3938
3926,3939
3926,3940
3926,3941
