2,1
6,1
23,1
1,2
3,2
20,2
2,3
4,3
24,3
3,4
5,4
7,4
4,5
6,5
11,5
1,6
5,6
25,6
4,7
8,7
12,7
7,8
9,8
8,9
10,9
26,9
27,9
9,10
11,10
13,10
5,11
10,11
28,11
7,12
14,12
18,12
10,13
12,14
15,14
29,14
14,15
16,15
30,15
15,16
17,16
31,16
16,17
18,17
32,17
12,18
17,18
19,18
18,19
2,20
21,20
20,21
22,21
21,22
1,23
3,24
6,25
9,26
9,27
11,28
14,29
15,30
16,31
17,32
34,33
38,33
54,33
33,34
35,34
51,34
34,35
36,35
55,35
35,36
37,36
39,36
36,37
38,37
43,37
33,38
37,38
56,38
36,39
40,39
44,39
39,40
41,40
40,41
42,41
57,41
58,41
41,42
43,42
45,42
37,43
42,43
59,43
39,44
46,44
50,44
42,45
44,46
47,46
60,46
46,47
48,47
61,47
47,48
49,48
62,48
48,49
50,49
63,49
44,50
49,50
64,50
34,51
52,51
53,51
51,52
51,53
33,54
35,55
38,56
41,57
41,58
43,59
46,60
47,61
48,62
49,63
50,64
66,65
70,65
88,65
65,66
67,66
83,66
66,67
68,67
89,67
67,68
69,68
71,68
68,69
70,69
75,69
65,70
69,70
90,70
68,71
72,71
76,71
71,72
73,72
72,73
74,73
91,73
92,73
73,74
75,74
77,74
69,75
74,75
87,75
71,76
78,76
82,76
74,77
76,78
79,78
93,78
78,79
80,79
94,79
79,80
81,80
95,80
80,81
82,81
96,81
76,82
81,82
86,82
66,83
84,83
85,83
83,84
83,85
82,86
75,87
97,87
98,87
99,87
65,88
67,89
70,90
73,91
73,92
78,93
79,94
80,95
81,96
87,97
87,98
87,99
101,100
105,100
122,100
100,101
102,101
118,101
101,102
103,102
123,102
102,103
104,103
106,103
103,104
105,104
110,104
100,105
104,105
124,105
103,106
107,106
111,106
106,107
108,107
107,108
109,108
125,108
126,108
108,109
110,109
112,109
104,110
109,110
127,110
106,111
113,111
117,111
109,112
111,113
114,113
128,113
113,114
115,114
129,114
114,115
116,115
130,115
115,116
117,116
131,116
111,117
116,117
132,117
101,118
119,118
133,118
118,119
120,119
121,119
119,120
119,121
134,121
135,121
136,121
100,122
102,123
105,124
108,125
108,126
110,127
113,128
114,129
115,130
116,131
117,132
118,133
121,134
121,135
121,136
138,137
142,137
156,137
137,138
139,138
157,138
138,139
140,139
155,139
139,140
141,140
143,140
140,141
142,141
147,141
137,142
141,142
158,142
140,143
144,143
148,143
143,144
145,144
144,145
146,145
159,145
160,145
145,146
147,146
149,146
141,147
146,147
161,147
143,148
150,148
154,148
146,149
148,150
151,150
162,150
150,151
152,151
163,151
151,152
153,152
164,152
152,153
154,153
165,153
148,154
153,154
166,154
139,155
137,156
138,157
142,158
145,159
145,160
147,161
150,162
151,163
152,164
153,165
154,166
168,167
172,167
186,167
167,168
169,168
180,168
168,169
170,169
187,169
169,170
171,170
173,170
170,171
172,171
177,171
167,172
171,172
188,172
170,173
174,173
178,173
196,173
173,174
175,174
197,174
174,175
176,175
189,175
190,175
175,176
177,176
179,176
171,177
176,177
198,177
173,178
181,178
185,178
176,179
168,180
178,181
182,181
191,181
181,182
183,182
192,182
182,183
184,183
193,183
183,184
185,184
194,184
178,185
184,185
195,185
167,186
169,187
172,188
175,189
175,190
181,191
182,192
183,193
184,194
185,195
173,196
174,197
177,198
200,199
204,199
218,199
199,200
201,200
212,200
200,201
202,201
219,201
201,202
203,202
205,202
202,203
204,203
209,203
199,204
203,204
220,204
202,205
206,205
210,205
228,205
205,206
207,206
229,206
206,207
208,207
221,207
222,207
207,208
209,208
211,208
203,209
208,209
230,209
205,210
213,210
217,210
208,211
200,212
210,213
214,213
223,213
213,214
215,214
224,214
214,215
216,215
225,215
215,216
217,216
226,216
210,217
216,217
227,217
199,218
201,219
204,220
207,221
207,222
213,223
214,224
215,225
216,226
217,227
205,228
206,229
209,230
231,230
232,230
233,230
230,231
230,232
230,233
235,234
240,234
241,234
234,235
236,235
243,235
235,236
237,236
247,236
236,237
238,237
237,238
239,238
257,238
258,238
238,239
240,239
244,239
234,240
239,240
246,240
234,241
242,241
241,242
243,242
256,242
235,243
242,243
259,243
239,244
245,244
244,245
246,245
240,246
245,246
248,246
236,247
249,247
253,247
246,248
260,248
261,248
262,248
247,249
250,249
263,249
249,250
251,250
264,250
250,251
252,251
265,251
251,252
253,252
266,252
247,253
252,253
254,253
253,254
256,255
267,255
268,255
269,255
242,256
255,256
270,256
271,256
238,257
238,258
243,259
248,260
248,261
248,262
249,263
250,264
251,265
252,266
255,267
255,268
255,269
256,270
256,271
273,272
278,272
279,272
272,273
274,273
281,273
273,274
275,274
285,274
274,275
276,275
275,276
277,276
294,276
295,276
276,277
278,277
282,277
272,278
277,278
284,278
272,279
280,279
279,280
281,280
293,280
273,281
280,281
296,281
277,282
283,282
282,283
284,283
278,284
283,284
286,284
274,285
287,285
291,285
284,286
297,286
298,286
299,286
285,287
288,287
300,287
287,288
289,288
301,288
288,289
290,289
302,289
289,290
291,290
303,290
285,291
290,291
292,291
291,292
280,293
276,294
276,295
281,296
286,297
286,298
286,299
287,300
288,301
289,302
290,303
305,304
310,304
311,304
304,305
306,305
313,305
305,306
307,306
317,306
306,307
308,307
307,308
309,308
327,308
328,308
308,309
310,309
314,309
304,310
309,310
316,310
304,311
312,311
311,312
313,312
324,312
305,313
312,313
329,313
309,314
315,314
314,315
316,315
310,316
315,316
325,316
306,317
318,317
322,317
317,318
319,318
330,318
318,319
320,319
331,319
319,320
321,320
332,320
320,321
322,321
333,321
317,322
321,322
323,322
322,323
312,324
316,325
326,325
334,325
335,325
325,326
336,326
337,326
308,327
308,328
313,329
318,330
319,331
320,332
321,333
325,334
325,335
326,336
326,337
339,338
344,338
345,338
338,339
340,339
348,339
339,340
341,340
352,340
340,341
342,341
359,341
341,342
343,342
360,342
361,342
342,343
344,343
349,343
338,344
343,344
351,344
338,345
346,345
362,345
345,346
347,346
363,346
346,347
348,347
364,347
339,348
347,348
365,348
343,349
350,349
349,350
351,350
344,351
350,351
358,351
340,352
353,352
357,352
352,353
354,353
366,353
353,354
355,354
367,354
354,355
356,355
368,355
355,356
357,356
369,356
352,357
356,357
370,357
351,358
371,358
372,358
373,358
341,359
342,360
342,361
345,362
346,363
347,364
348,365
353,366
354,367
355,368
356,369
357,370
358,371
358,372
358,373
375,374
380,374
381,374
374,375
376,375
384,375
375,376
377,376
388,376
376,377
378,377
399,377
377,378
379,378
393,378
400,378
378,379
380,379
385,379
374,380
379,380
387,380
374,381
382,381
394,381
381,382
383,382
395,382
382,383
384,383
396,383
375,384
383,384
389,384
379,385
386,385
390,385
385,386
387,386
380,387
386,387
397,387
376,388
384,389
385,390
391,390
392,390
390,391
390,392
398,392
378,393
381,394
382,395
383,396
387,397
392,398
403,398
404,398
405,398
377,399
400,399
401,399
402,399
378,400
399,400
406,400
407,400
399,401
399,402
398,403
408,403
409,403
410,403
398,404
411,404
412,404
413,404
398,405
414,405
415,405
416,405
400,406
400,407
403,408
403,409
403,410
404,411
404,412
404,413
405,414
405,415
405,416
418,417
423,417
424,417
417,418
419,418
427,418
418,419
420,419
434,419
419,420
421,420
428,420
420,421
422,421
430,421
439,421
421,422
423,422
431,422
417,423
422,423
433,423
417,424
425,424
440,424
424,425
426,425
441,425
425,426
427,426
442,426
418,427
426,427
435,427
420,428
429,428
443,428
444,428
428,429
430,429
445,429
446,429
421,430
429,430
447,430
448,430
422,431
432,431
436,431
431,432
433,432
423,433
432,433
449,433
419,434
427,435
431,436
437,436
438,436
436,437
436,438
450,438
421,439
424,440
425,441
426,442
428,443
428,444
429,445
429,446
430,447
430,448
433,449
438,450
451,450
459,450
450,451
452,451
453,451
451,452
451,453
454,453
455,453
453,454
453,455
456,455
457,455
455,456
455,457
458,457
459,457
457,458
450,459
457,459
460,459
459,460
462,461
467,461
468,461
461,462
463,462
471,462
462,463
464,463
478,463
463,464
465,464
472,464
464,465
466,465
474,465
487,465
465,466
467,466
475,466
461,467
466,467
477,467
461,468
469,468
488,468
468,469
470,469
489,469
469,470
471,470
490,470
462,471
470,471
479,471
464,472
473,472
491,472
492,472
472,473
474,473
493,473
494,473
465,474
473,474
495,474
496,474
466,475
476,475
480,475
475,476
477,476
467,477
476,477
497,477
463,478
471,479
475,480
481,480
482,480
480,481
480,482
483,482
482,483
484,483
485,483
486,483
483,484
498,484
499,484
500,484
483,485
501,485
502,485
503,485
483,486
504,486
505,486
506,486
465,487
468,488
469,489
470,490
472,491
472,492
473,493
473,494
474,495
474,496
477,497
484,498
484,499
484,500
485,501
485,502
485,503
486,504
486,505
486,506
508,507
512,507
527,507
507,508
509,508
525,508
508,509
510,509
528,509
509,510
511,510
513,510
510,511
512,511
517,511
507,512
511,512
529,512
510,513
514,513
518,513
513,514
515,514
514,515
516,515
530,515
531,515
515,516
517,516
519,516
511,517
516,517
526,517
513,518
520,518
524,518
516,519
518,520
521,520
532,520
520,521
522,521
533,521
521,522
523,522
534,522
522,523
524,523
535,523
518,524
523,524
536,524
508,525
537,525
538,525
517,526
539,526
540,526
541,526
507,527
509,528
512,529
515,530
515,531
520,532
521,533
522,534
523,535
524,536
525,537
525,538
526,539
526,540
526,541
543,542
547,542
564,542
542,543
544,543
561,543
543,544
545,544
565,544
544,545
546,545
548,545
545,546
547,546
552,546
542,547
546,547
566,547
545,548
549,548
553,548
548,549
550,549
549,550
551,550
567,550
568,550
550,551
552,551
554,551
546,552
551,552
569,552
548,553
555,553
559,553
551,554
553,555
556,555
570,555
555,556
557,556
571,556
556,557
558,557
572,557
557,558
559,558
573,558
553,559
558,559
560,559
559,560
543,561
562,561
563,561
561,562
561,563
574,563
575,563
576,563
542,564
544,565
547,566
550,567
550,568
552,569
555,570
556,571
557,572
558,573
563,574
563,575
563,576
578,577
582,577
600,577
577,578
579,578
595,578
578,579
580,579
601,579
579,580
581,580
583,580
580,581
582,581
587,581
577,582
581,582
602,582
580,583
584,583
588,583
583,584
585,584
584,585
586,585
603,585
604,585
585,586
587,586
589,586
581,587
586,587
599,587
583,588
590,588
594,588
586,589
588,590
591,590
605,590
590,591
592,591
606,591
591,592
593,592
607,592
592,593
594,593
608,593
588,594
593,594
598,594
578,595
596,595
597,595
595,596
595,597
594,598
587,599
609,599
610,599
611,599
577,600
579,601
582,602
585,603
585,604
590,605
591,606
592,607
593,608
599,609
599,610
599,611
613,612
617,612
631,612
612,613
614,613
632,613
613,614
615,614
630,614
614,615
616,615
618,615
615,616
617,616
622,616
612,617
616,617
633,617
615,618
619,618
623,618
618,619
620,619
619,620
621,620
634,620
635,620
620,621
622,621
624,621
616,622
621,622
636,622
618,623
625,623
629,623
621,624
623,625
626,625
637,625
625,626
627,626
638,626
626,627
628,627
639,627
627,628
629,628
640,628
623,629
628,629
641,629
614,630
612,631
613,632
617,633
620,634
620,635
622,636
625,637
626,638
627,639
628,640
629,641
643,642
647,642
664,642
642,643
644,643
655,643
643,644
645,644
665,644
644,645
646,645
648,645
645,646
647,646
652,646
642,647
646,647
666,647
645,648
649,648
653,648
648,649
650,649
649,650
651,650
667,650
668,650
650,651
652,651
654,651
646,652
651,652
663,652
648,653
656,653
660,653
651,654
643,655
653,656
657,656
662,656
656,657
658,657
669,657
657,658
659,658
670,658
658,659
660,659
671,659
653,660
659,660
661,660
660,661
656,662
652,663
672,663
673,663
674,663
642,664
644,665
647,666
650,667
650,668
657,669
658,670
659,671
663,672
663,673
663,674
676,675
680,675
694,675
675,676
677,676
696,676
676,677
678,677
697,677
677,678
679,678
681,678
678,679
680,679
685,679
675,680
679,680
698,680
678,681
682,681
686,681
681,682
683,682
682,683
684,683
699,683
700,683
683,684
685,684
687,684
679,685
684,685
701,685
681,686
688,686
692,686
684,687
686,688
689,688
695,688
688,689
690,689
702,689
689,690
691,690
703,690
690,691
692,691
704,691
686,692
691,692
693,692
692,693
675,694
688,695
676,696
677,697
680,698
683,699
683,700
685,701
689,702
690,703
691,704
706,705
710,705
726,705
705,706
707,706
718,706
706,707
708,707
727,707
707,708
709,708
711,708
708,709
710,709
715,709
705,710
709,710
728,710
708,711
712,711
716,711
711,712
713,712
712,713
714,713
729,713
730,713
713,714
715,714
717,714
709,715
714,715
725,715
711,716
719,716
723,716
714,717
706,718
716,719
720,719
731,719
719,720
721,720
732,720
720,721
722,721
733,721
721,722
723,722
734,722
716,723
722,723
724,723
723,724
715,725
735,725
736,725
737,725
705,726
707,727
710,728
713,729
713,730
719,731
720,732
721,733
722,734
725,735
725,736
725,737
739,738
743,738
759,738
738,739
740,739
758,739
739,740
741,740
757,740
740,741
742,741
744,741
741,742
743,742
748,742
738,743
742,743
760,743
741,744
745,744
749,744
744,745
746,745
745,746
747,746
761,746
762,746
746,747
748,747
750,747
742,748
747,748
756,748
744,749
751,749
755,749
747,750
749,751
752,751
763,751
751,752
753,752
764,752
752,753
754,753
765,753
753,754
755,754
766,754
749,755
754,755
767,755
748,756
768,756
769,756
770,756
740,757
739,758
738,759
743,760
746,761
746,762
751,763
752,764
753,765
754,766
755,767
756,768
756,769
756,770
772,771
777,771
778,771
771,772
773,772
781,772
772,773
774,773
785,773
773,774
775,774
774,775
776,775
792,775
793,775
775,776
777,776
782,776
771,777
776,777
784,777
771,778
779,778
794,778
778,779
780,779
795,779
779,780
781,780
796,780
772,781
780,781
797,781
776,782
783,782
782,783
784,783
798,783
777,784
783,784
773,785
786,785
790,785
785,786
787,786
799,786
786,787
788,787
800,787
787,788
789,788
801,788
788,789
790,789
802,789
785,790
789,790
791,790
790,791
775,792
775,793
778,794
779,795
780,796
781,797
783,798
786,799
787,800
788,801
789,802
804,803
809,803
810,803
803,804
805,804
813,804
804,805
806,805
817,805
805,806
807,806
828,806
806,807
808,807
822,807
829,807
807,808
809,808
814,808
803,809
808,809
816,809
803,810
811,810
823,810
810,811
812,811
824,811
811,812
813,812
825,812
804,813
812,813
818,813
808,814
815,814
819,814
814,815
816,815
809,816
815,816
826,816
805,817
813,818
814,819
820,819
821,819
819,820
819,821
841,821
807,822
810,823
811,824
812,825
816,826
832,827
833,827
834,827
841,827
806,828
829,828
830,828
831,828
807,829
828,829
835,829
836,829
828,830
828,831
827,832
827,833
834,833
837,833
838,833
827,834
833,834
839,834
840,834
829,835
829,836
833,837
833,838
834,839
834,840
821,841
827,841
842,841
843,841
841,842
841,843
845,844
850,844
851,844
844,845
846,845
854,845
845,846
847,846
861,846
846,847
848,847
855,847
847,848
849,848
857,848
865,848
848,849
850,849
858,849
844,850
849,850
860,850
844,851
852,851
866,851
851,852
853,852
867,852
852,853
854,853
868,853
845,854
853,854
869,854
847,855
856,855
870,855
871,855
855,856
857,856
872,856
873,856
848,857
856,857
874,857
875,857
849,858
859,858
862,858
858,859
860,859
850,860
859,860
876,860
846,861
858,862
863,862
864,862
862,863
862,864
877,864
848,865
851,866
852,867
853,868
854,869
884,869
855,870
855,871
856,872
856,873
857,874
857,875
860,876
864,877
878,877
879,877
880,877
877,878
881,878
882,878
883,878
877,879
885,879
886,879
887,879
877,880
888,880
889,880
890,880
878,881
878,882
878,883
869,884
891,884
892,884
893,884
879,885
879,886
879,887
880,888
880,889
880,890
884,891
884,892
884,893
895,894
900,894
901,894
894,895
896,895
904,895
895,896
897,896
908,896
896,897
898,897
897,898
899,898
914,898
915,898
898,899
900,899
905,899
894,900
899,900
907,900
894,901
902,901
916,901
901,902
903,902
917,902
902,903
904,903
918,903
895,904
903,904
919,904
899,905
906,905
905,906
907,906
920,906
900,907
906,907
896,908
909,908
913,908
908,909
910,909
921,909
909,910
911,910
922,910
910,911
912,911
923,911
911,912
913,912
924,912
908,913
912,913
925,913
898,914
898,915
901,916
902,917
903,918
904,919
906,920
909,921
910,922
911,923
912,924
913,925
927,926
931,926
948,926
926,927
928,927
944,927
927,928
929,928
949,928
928,929
930,929
932,929
929,930
931,930
936,930
926,931
930,931
950,931
929,932
933,932
937,932
932,933
934,933
933,934
935,934
951,934
952,934
934,935
936,935
938,935
930,936
935,936
953,936
932,937
939,937
943,937
935,938
937,939
940,939
954,939
939,940
941,940
955,940
940,941
942,941
956,941
941,942
943,942
957,942
937,943
942,943
958,943
927,944
945,944
946,944
947,944
944,945
944,946
944,947
926,948
928,949
931,950
934,951
934,952
936,953
939,954
940,955
941,956
942,957
943,958
960,959
965,959
966,959
959,960
961,960
969,960
960,961
962,961
976,961
961,962
963,962
970,962
962,963
964,963
972,963
983,963
963,964
965,964
973,964
959,965
964,965
975,965
959,966
967,966
984,966
966,967
968,967
985,967
967,968
969,968
986,968
960,969
968,969
977,969
962,970
971,970
987,970
988,970
970,971
972,971
989,971
990,971
963,972
971,972
991,972
992,972
964,973
974,973
978,973
973,974
975,974
965,975
974,975
993,975
961,976
969,977
973,978
979,978
980,978
978,979
978,980
981,980
980,981
982,981
997,981
998,981
981,982
994,982
995,982
996,982
963,983
966,984
967,985
968,986
970,987
970,988
971,989
971,990
972,991
972,992
975,993
982,994
999,994
1000,994
1001,994
982,995
1002,995
1003,995
1004,995
982,996
981,997
981,998
994,999
994,1000
994,1001
995,1002
995,1003
995,1004
1006,1005
1011,1005
1012,1005
1005,1006
1007,1006
1015,1006
1006,1007
1008,1007
1016,1007
1007,1008
1009,1008
1008,1009
1010,1009
1027,1009
1028,1009
1009,1010
1011,1010
1017,1010
1005,1011
1010,1011
1019,1011
1005,1012
1013,1012
1029,1012
1012,1013
1014,1013
1030,1013
1013,1014
1015,1014
1025,1014
1006,1015
1014,1015
1031,1015
1007,1016
1020,1016
1024,1016
1010,1017
1018,1017
1017,1018
1019,1018
1011,1019
1018,1019
1026,1019
1016,1020
1021,1020
1032,1020
1020,1021
1022,1021
1033,1021
1021,1022
1023,1022
1034,1022
1022,1023
1024,1023
1035,1023
1016,1024
1023,1024
1036,1024
1014,1025
1019,1026
1037,1026
1038,1026
1039,1026
1009,1027
1009,1028
1012,1029
1013,1030
1015,1031
1020,1032
1021,1033
1022,1034
1023,1035
1024,1036
1026,1037
1026,1038
1026,1039
1041,1040
1046,1040
1047,1040
1040,1041
1042,1041
1050,1041
1041,1042
1043,1042
1054,1042
1042,1043
1044,1043
1043,1044
1045,1044
1062,1044
1063,1044
1044,1045
1046,1045
1051,1045
1040,1046
1045,1046
1053,1046
1040,1047
1048,1047
1064,1047
1047,1048
1049,1048
1065,1048
1048,1049
1050,1049
1060,1049
1041,1050
1049,1050
1066,1050
1045,1051
1052,1051
1051,1052
1053,1052
1067,1052
1046,1053
1052,1053
1042,1054
1055,1054
1059,1054
1054,1055
1056,1055
1068,1055
1055,1056
1057,1056
1069,1056
1056,1057
1058,1057
1070,1057
1057,1058
1059,1058
1071,1058
1054,1059
1058,1059
1061,1059
1049,1060
1059,1061
1044,1062
1044,1063
1047,1064
1048,1065
1050,1066
1052,1067
1055,1068
1056,1069
1057,1070
1058,1071
1073,1072
1077,1072
1094,1072
1072,1073
1074,1073
1090,1073
1073,1074
1075,1074
1095,1074
1074,1075
1076,1075
1078,1075
1075,1076
1077,1076
1082,1076
1072,1077
1076,1077
1096,1077
1075,1078
1079,1078
1083,1078
1078,1079
1080,1079
1079,1080
1081,1080
1097,1080
1098,1080
1080,1081
1082,1081
1084,1081
1076,1082
1081,1082
1099,1082
1078,1083
1085,1083
1089,1083
1081,1084
1083,1085
1086,1085
1100,1085
1085,1086
1087,1086
1101,1086
1086,1087
1088,1087
1102,1087
1087,1088
1089,1088
1103,1088
1083,1089
1088,1089
1093,1089
1073,1090
1091,1090
1092,1090
1090,1091
1090,1092
1089,1093
1072,1094
1074,1095
1077,1096
1080,1097
1080,1098
1082,1099
1085,1100
1086,1101
1087,1102
1088,1103
1105,1104
1110,1104
1111,1104
1104,1105
1106,1105
1114,1105
1105,1106
1107,1106
1120,1106
1106,1107
1108,1107
1118,1107
1107,1108
1109,1108
1119,1108
1129,1108
1108,1109
1110,1109
1115,1109
1104,1110
1109,1110
1117,1110
1104,1111
1112,1111
1130,1111
1111,1112
1113,1112
1131,1112
1112,1113
1114,1113
1128,1113
1105,1114
1113,1114
1132,1114
1109,1115
1116,1115
1121,1115
1115,1116
1117,1116
1110,1117
1116,1117
1133,1117
1107,1118
1119,1118
1134,1118
1135,1118
1108,1119
1118,1119
1136,1119
1137,1119
1106,1120
1115,1121
1122,1121
1123,1121
1121,1122
1121,1123
1124,1123
1123,1124
1125,1124
1126,1124
1127,1124
1124,1125
1138,1125
1139,1125
1140,1125
1124,1126
1141,1126
1142,1126
1143,1126
1124,1127
1144,1127
1145,1127
1146,1127
1113,1128
1108,1129
1111,1130
1112,1131
1114,1132
1117,1133
1118,1134
1118,1135
1119,1136
1119,1137
1125,1138
1125,1139
1125,1140
1126,1141
1126,1142
1126,1143
1127,1144
1127,1145
1127,1146
1148,1147
1152,1147
1168,1147
1147,1148
1149,1148
1169,1148
1148,1149
1150,1149
1170,1149
1149,1150
1151,1150
1153,1150
1150,1151
1152,1151
1157,1151
1147,1152
1151,1152
1166,1152
1150,1153
1154,1153
1158,1153
1153,1154
1155,1154
1154,1155
1156,1155
1171,1155
1172,1155
1155,1156
1157,1156
1159,1156
1151,1157
1156,1157
1167,1157
1153,1158
1160,1158
1164,1158
1156,1159
1158,1160
1161,1160
1173,1160
1160,1161
1162,1161
1174,1161
1161,1162
1163,1162
1175,1162
1162,1163
1164,1163
1176,1163
1158,1164
1163,1164
1165,1164
1164,1165
1152,1166
1157,1167
1177,1167
1178,1167
1179,1167
1147,1168
1148,1169
1149,1170
1155,1171
1155,1172
1160,1173
1161,1174
1162,1175
1163,1176
1167,1177
1167,1178
1167,1179
1181,1180
1185,1180
1199,1180
1180,1181
1182,1181
1193,1181
1181,1182
1183,1182
1200,1182
1182,1183
1184,1183
1186,1183
1183,1184
1185,1184
1190,1184
1180,1185
1184,1185
1201,1185
1183,1186
1187,1186
1191,1186
1186,1187
1188,1187
1187,1188
1189,1188
1202,1188
1203,1188
1188,1189
1190,1189
1192,1189
1184,1190
1189,1190
1204,1190
1186,1191
1194,1191
1198,1191
1189,1192
1181,1193
1191,1194
1195,1194
1205,1194
1194,1195
1196,1195
1206,1195
1195,1196
1197,1196
1207,1196
1196,1197
1198,1197
1208,1197
1191,1198
1197,1198
1209,1198
1180,1199
1182,1200
1185,1201
1188,1202
1188,1203
1190,1204
1194,1205
1195,1206
1196,1207
1197,1208
1198,1209
1211,1210
1215,1210
1230,1210
1210,1211
1212,1211
1223,1211
1211,1212
1213,1212
1231,1212
1212,1213
1214,1213
1216,1213
1213,1214
1215,1214
1220,1214
1210,1215
1214,1215
1232,1215
1213,1216
1217,1216
1221,1216
1216,1217
1218,1217
1217,1218
1219,1218
1233,1218
1234,1218
1218,1219
1220,1219
1222,1219
1214,1220
1219,1220
1235,1220
1216,1221
1224,1221
1228,1221
1219,1222
1211,1223
1221,1224
1225,1224
1236,1224
1224,1225
1226,1225
1237,1225
1225,1226
1227,1226
1238,1226
1226,1227
1228,1227
1239,1227
1221,1228
1227,1228
1229,1228
1228,1229
1210,1230
1212,1231
1215,1232
1218,1233
1218,1234
1220,1235
1224,1236
1225,1237
1226,1238
1227,1239
1241,1240
1245,1240
1260,1240
1240,1241
1242,1241
1261,1241
1241,1242
1243,1242
1262,1242
1242,1243
1244,1243
1246,1243
1243,1244
1245,1244
1250,1244
1240,1245
1244,1245
1263,1245
1243,1246
1247,1246
1251,1246
1246,1247
1248,1247
1247,1248
1249,1248
1264,1248
1265,1248
1248,1249
1250,1249
1252,1249
1244,1250
1249,1250
1259,1250
1246,1251
1253,1251
1257,1251
1249,1252
1251,1253
1254,1253
1266,1253
1253,1254
1255,1254
1267,1254
1254,1255
1256,1255
1268,1255
1255,1256
1257,1256
1269,1256
1251,1257
1256,1257
1258,1257
1257,1258
1250,1259
1270,1259
1271,1259
1272,1259
1240,1260
1241,1261
1242,1262
1245,1263
1248,1264
1248,1265
1253,1266
1254,1267
1255,1268
1256,1269
1259,1270
1259,1271
1259,1272
1274,1273
1278,1273
1294,1273
1273,1274
1275,1274
1292,1274
1274,1275
1276,1275
1291,1275
1275,1276
1277,1276
1279,1276
1276,1277
1278,1277
1283,1277
1273,1278
1277,1278
1295,1278
1276,1279
1280,1279
1284,1279
1279,1280
1281,1280
1280,1281
1282,1281
1296,1281
1297,1281
1281,1282
1283,1282
1285,1282
1277,1283
1282,1283
1298,1283
1279,1284
1286,1284
1290,1284
1282,1285
1284,1286
1287,1286
1299,1286
1286,1287
1288,1287
1300,1287
1287,1288
1289,1288
1301,1288
1288,1289
1290,1289
1302,1289
1284,1290
1289,1290
1293,1290
1275,1291
1274,1292
1290,1293
1273,1294
1278,1295
1281,1296
1281,1297
1283,1298
1286,1299
1287,1300
1288,1301
1289,1302
1304,1303
1308,1303
1325,1303
1303,1304
1305,1304
1321,1304
1304,1305
1306,1305
1326,1305
1305,1306
1307,1306
1309,1306
1306,1307
1308,1307
1313,1307
1303,1308
1307,1308
1327,1308
1306,1309
1310,1309
1314,1309
1309,1310
1311,1310
1310,1311
1312,1311
1322,1311
1328,1311
1311,1312
1313,1312
1315,1312
1307,1313
1312,1313
1329,1313
1309,1314
1316,1314
1320,1314
1312,1315
1314,1316
1317,1316
1330,1316
1316,1317
1318,1317
1331,1317
1317,1318
1319,1318
1332,1318
1318,1319
1320,1319
1333,1319
1314,1320
1319,1320
1334,1320
1304,1321
1311,1322
1323,1322
1324,1322
1322,1323
1322,1324
1335,1324
1303,1325
1305,1326
1308,1327
1311,1328
1313,1329
1316,1330
1317,1331
1318,1332
1319,1333
1320,1334
1324,1335
1337,1336
1342,1336
1343,1336
1336,1337
1338,1337
1346,1337
1337,1338
1339,1338
1350,1338
1338,1339
1340,1339
1361,1339
1339,1340
1341,1340
1355,1340
1362,1340
1340,1341
1342,1341
1347,1341
1336,1342
1341,1342
1349,1342
1336,1343
1344,1343
1356,1343
1343,1344
1345,1344
1357,1344
1344,1345
1346,1345
1358,1345
1337,1346
1345,1346
1351,1346
1341,1347
1348,1347
1352,1347
1347,1348
1349,1348
1342,1349
1348,1349
1359,1349
1338,1350
1346,1351
1347,1352
1353,1352
1354,1352
1352,1353
1352,1354
1360,1354
1340,1355
1343,1356
1344,1357
1345,1358
1349,1359
1354,1360
1365,1360
1366,1360
1367,1360
1339,1361
1362,1361
1363,1361
1364,1361
1340,1362
1361,1362
1368,1362
1369,1362
1361,1363
1361,1364
1360,1365
1370,1365
1371,1365
1372,1365
1360,1366
1373,1366
1374,1366
1375,1366
1360,1367
1376,1367
1377,1367
1378,1367
1362,1368
1362,1369
1365,1370
1365,1371
1365,1372
1366,1373
1366,1374
1366,1375
1367,1376
1367,1377
1367,1378
1380,1379
1384,1379
1399,1379
1379,1380
1381,1380
1392,1380
1380,1381
1382,1381
1400,1381
1381,1382
1383,1382
1385,1382
1382,1383
1384,1383
1389,1383
1379,1384
1383,1384
1401,1384
1382,1385
1386,1385
1390,1385
1385,1386
1387,1386
1386,1387
1388,1387
1402,1387
1403,1387
1387,1388
1389,1388
1391,1388
1383,1389
1388,1389
1404,1389
1385,1390
1393,1390
1397,1390
1388,1391
1380,1392
1390,1393
1394,1393
1405,1393
1393,1394
1395,1394
1406,1394
1394,1395
1396,1395
1407,1395
1395,1396
1397,1396
1408,1396
1390,1397
1396,1397
1398,1397
1397,1398
1379,1399
1381,1400
1384,1401
1387,1402
1387,1403
1389,1404
1393,1405
1394,1406
1395,1407
1396,1408
1410,1409
1415,1409
1416,1409
1409,1410
1411,1410
1419,1410
1410,1411
1412,1411
1423,1411
1411,1412
1413,1412
1412,1413
1414,1413
1434,1413
1435,1413
1413,1414
1415,1414
1420,1414
1409,1415
1414,1415
1422,1415
1409,1416
1417,1416
1436,1416
1416,1417
1418,1417
1437,1417
1417,1418
1419,1418
1429,1418
1410,1419
1418,1419
1438,1419
1414,1420
1421,1420
1431,1420
1420,1421
1422,1421
1415,1422
1421,1422
1439,1422
1411,1423
1424,1423
1428,1423
1423,1424
1425,1424
1440,1424
1424,1425
1426,1425
1441,1425
1425,1426
1427,1426
1442,1426
1426,1427
1428,1427
1443,1427
1423,1428
1427,1428
1430,1428
1418,1429
1428,1430
1420,1431
1432,1431
1433,1431
1431,1432
1431,1433
1444,1433
1413,1434
1413,1435
1416,1436
1417,1437
1419,1438
1422,1439
1424,1440
1425,1441
1426,1442
1427,1443
1433,1444
1446,1445
1451,1445
1452,1445
1445,1446
1447,1446
1455,1446
1446,1447
1448,1447
1456,1447
1462,1447
1447,1448
1449,1448
1458,1448
1448,1449
1450,1449
1468,1449
1469,1449
1449,1450
1451,1450
1461,1450
1445,1451
1450,1451
1470,1451
1445,1452
1453,1452
1471,1452
1452,1453
1454,1453
1472,1453
1453,1454
1455,1454
1460,1454
1446,1455
1454,1455
1473,1455
1447,1456
1457,1456
1456,1457
1458,1457
1459,1457
1474,1457
1448,1458
1457,1458
1475,1458
1476,1458
1457,1459
1477,1459
1478,1459
1479,1459
1454,1460
1450,1461
1447,1462
1463,1462
1467,1462
1462,1463
1464,1463
1480,1463
1463,1464
1465,1464
1481,1464
1464,1465
1466,1465
1482,1465
1465,1466
1467,1466
1483,1466
1462,1467
1466,1467
1484,1467
1449,1468
1449,1469
1451,1470
1452,1471
1453,1472
1455,1473
1457,1474
1458,1475
1458,1476
1459,1477
1459,1478
1459,1479
1463,1480
1464,1481
1465,1482
1466,1483
1467,1484
1486,1485
1491,1485
1492,1485
1485,1486
1487,1486
1494,1486
1486,1487
1488,1487
1498,1487
1487,1488
1489,1488
1488,1489
1490,1489
1507,1489
1508,1489
1489,1490
1491,1490
1495,1490
1485,1491
1490,1491
1497,1491
1485,1492
1493,1492
1492,1493
1494,1493
1506,1493
1486,1494
1493,1494
1509,1494
1490,1495
1496,1495
1495,1496
1497,1496
1491,1497
1496,1497
1499,1497
1487,1498
1500,1498
1504,1498
1497,1499
1510,1499
1511,1499
1512,1499
1498,1500
1501,1500
1513,1500
1500,1501
1502,1501
1514,1501
1501,1502
1503,1502
1515,1502
1502,1503
1504,1503
1516,1503
1498,1504
1503,1504
1505,1504
1504,1505
1493,1506
1489,1507
1489,1508
1494,1509
1499,1510
1499,1511
1499,1512
1500,1513
1501,1514
1502,1515
1503,1516
1518,1517
1522,1517
1537,1517
1517,1518
1519,1518
1530,1518
1518,1519
1520,1519
1538,1519
1519,1520
1521,1520
1523,1520
1520,1521
1522,1521
1527,1521
1517,1522
1521,1522
1539,1522
1520,1523
1524,1523
1528,1523
1523,1524
1525,1524
1524,1525
1526,1525
1540,1525
1541,1525
1525,1526
1527,1526
1529,1526
1521,1527
1526,1527
1542,1527
1523,1528
1531,1528
1535,1528
1526,1529
1518,1530
1528,1531
1532,1531
1543,1531
1531,1532
1533,1532
1544,1532
1532,1533
1534,1533
1545,1533
1533,1534
1535,1534
1546,1534
1528,1535
1534,1535
1536,1535
1535,1536
1517,1537
1519,1538
1522,1539
1525,1540
1525,1541
1527,1542
1531,1543
1532,1544
1533,1545
1534,1546
1548,1547
1552,1547
1566,1547
1547,1548
1549,1548
1569,1548
1548,1549
1550,1549
1565,1549
1549,1550
1551,1550
1553,1550
1550,1551
1552,1551
1557,1551
1547,1552
1551,1552
1570,1552
1550,1553
1554,1553
1558,1553
1553,1554
1555,1554
1554,1555
1556,1555
1571,1555
1572,1555
1555,1556
1557,1556
1559,1556
1551,1557
1556,1557
1567,1557
1553,1558
1560,1558
1564,1558
1556,1559
1558,1560
1561,1560
1573,1560
1560,1561
1562,1561
1574,1561
1561,1562
1563,1562
1575,1562
1562,1563
1564,1563
1576,1563
1558,1564
1563,1564
1568,1564
1549,1565
1577,1565
1578,1565
1547,1566
1557,1567
1579,1567
1580,1567
1581,1567
1564,1568
1548,1569
1552,1570
1555,1571
1555,1572
1560,1573
1561,1574
1562,1575
1563,1576
1565,1577
1565,1578
1567,1579
1567,1580
1567,1581
1583,1582
1588,1582
1589,1582
1582,1583
1584,1583
1592,1583
1583,1584
1585,1584
1599,1584
1584,1585
1586,1585
1593,1585
1585,1586
1587,1586
1595,1586
1606,1586
1586,1587
1588,1587
1596,1587
1582,1588
1587,1588
1598,1588
1582,1589
1590,1589
1607,1589
1589,1590
1591,1590
1608,1590
1590,1591
1592,1591
1609,1591
1583,1592
1591,1592
1600,1592
1585,1593
1594,1593
1610,1593
1611,1593
1593,1594
1595,1594
1612,1594
1613,1594
1586,1595
1594,1595
1614,1595
1615,1595
1587,1596
1597,1596
1601,1596
1596,1597
1598,1597
1588,1598
1597,1598
1616,1598
1584,1599
1592,1600
1596,1601
1602,1601
1603,1601
1601,1602
1601,1603
1604,1603
1603,1604
1605,1604
1620,1604
1621,1604
1604,1605
1617,1605
1618,1605
1619,1605
1586,1606
1589,1607
1590,1608
1591,1609
1593,1610
1593,1611
1594,1612
1594,1613
1595,1614
1595,1615
1598,1616
1605,1617
1622,1617
1623,1617
1624,1617
1605,1618
1605,1619
1604,1620
1625,1620
1626,1620
1627,1620
1604,1621
1617,1622
1617,1623
1617,1624
1620,1625
1620,1626
1620,1627
1629,1628
1634,1628
1635,1628
1628,1629
1630,1629
1638,1629
1629,1630
1631,1630
1642,1630
1630,1631
1632,1631
1654,1631
1631,1632
1633,1632
1647,1632
1655,1632
1632,1633
1634,1633
1639,1633
1628,1634
1633,1634
1641,1634
1628,1635
1636,1635
1648,1635
1635,1636
1637,1636
1649,1636
1636,1637
1638,1637
1650,1637
1629,1638
1637,1638
1643,1638
1633,1639
1640,1639
1644,1639
1639,1640
1641,1640
1634,1641
1640,1641
1651,1641
1630,1642
1638,1643
1639,1644
1645,1644
1646,1644
1644,1645
1644,1646
1652,1646
1653,1646
1632,1647
1635,1648
1636,1649
1637,1650
1641,1651
1646,1652
1646,1653
1631,1654
1656,1654
1657,1654
1658,1654
1632,1655
1654,1656
1654,1657
1654,1658
1660,1659
1665,1659
1666,1659
1659,1660
1661,1660
1669,1660
1660,1661
1662,1661
1676,1661
1661,1662
1663,1662
1670,1662
1662,1663
1664,1663
1672,1663
1685,1663
1663,1664
1665,1664
1673,1664
1659,1665
1664,1665
1675,1665
1659,1666
1667,1666
1686,1666
1666,1667
1668,1667
1687,1667
1667,1668
1669,1668
1688,1668
1660,1669
1668,1669
1677,1669
1662,1670
1671,1670
1689,1670
1690,1670
1670,1671
1672,1671
1691,1671
1692,1671
1663,1672
1671,1672
1693,1672
1694,1672
1664,1673
1674,1673
1678,1673
1673,1674
1675,1674
1665,1675
1674,1675
1695,1675
1661,1676
1669,1677
1673,1678
1679,1678
1680,1678
1678,1679
1678,1680
1681,1680
1680,1681
1682,1681
1683,1681
1684,1681
1681,1682
1696,1682
1697,1682
1698,1682
1681,1683
1699,1683
1700,1683
1701,1683
1681,1684
1702,1684
1703,1684
1704,1684
1663,1685
1666,1686
1667,1687
1668,1688
1670,1689
1670,1690
1671,1691
1671,1692
1672,1693
1672,1694
1675,1695
1682,1696
1682,1697
1682,1698
1683,1699
1683,1700
1683,1701
1684,1702
1684,1703
1684,1704
1706,1705
1711,1705
1712,1705
1705,1706
1707,1706
1715,1706
1706,1707
1708,1707
1722,1707
1707,1708
1709,1708
1716,1708
1708,1709
1710,1709
1718,1709
1726,1709
1709,1710
1711,1710
1719,1710
1705,1711
1710,1711
1721,1711
1705,1712
1713,1712
1727,1712
1712,1713
1714,1713
1728,1713
1713,1714
1715,1714
1729,1714
1706,1715
1714,1715
1730,1715
1708,1716
1717,1716
1731,1716
1732,1716
1716,1717
1718,1717
1733,1717
1734,1717
1709,1718
1717,1718
1735,1718
1736,1718
1710,1719
1720,1719
1723,1719
1719,1720
1721,1720
1711,1721
1720,1721
1737,1721
1707,1722
1719,1723
1724,1723
1725,1723
1723,1724
1723,1725
1738,1725
1739,1725
1709,1726
1712,1727
1713,1728
1714,1729
1715,1730
1716,1731
1716,1732
1717,1733
1717,1734
1718,1735
1718,1736
1721,1737
1725,1738
1725,1739
1741,1740
1746,1740
1747,1740
1740,1741
1742,1741
1750,1741
1741,1742
1743,1742
1751,1742
1742,1743
1744,1743
1743,1744
1745,1744
1759,1744
1760,1744
1744,1745
1746,1745
1761,1745
1740,1746
1745,1746
1762,1746
1740,1747
1748,1747
1763,1747
1747,1748
1749,1748
1764,1748
1748,1749
1750,1749
1758,1749
1741,1750
1749,1750
1765,1750
1742,1751
1752,1751
1756,1751
1751,1752
1753,1752
1766,1752
1752,1753
1754,1753
1767,1753
1753,1754
1755,1754
1768,1754
1754,1755
1756,1755
1769,1755
1751,1756
1755,1756
1757,1756
1756,1757
1749,1758
1744,1759
1744,1760
1745,1761
1746,1762
1747,1763
1748,1764
1750,1765
1752,1766
1753,1767
1754,1768
1755,1769
1771,1770
1776,1770
1777,1770
1770,1771
1772,1771
1780,1771
1771,1772
1773,1772
1787,1772
1772,1773
1774,1773
1781,1773
1773,1774
1775,1774
1783,1774
1796,1774
1774,1775
1776,1775
1784,1775
1770,1776
1775,1776
1786,1776
1770,1777
1778,1777
1797,1777
1777,1778
1779,1778
1798,1778
1778,1779
1780,1779
1788,1779
1771,1780
1779,1780
1799,1780
1773,1781
1782,1781
1800,1781
1801,1781
1781,1782
1783,1782
1802,1782
1803,1782
1774,1783
1782,1783
1804,1783
1805,1783
1775,1784
1785,1784
1789,1784
1784,1785
1786,1785
1776,1786
1785,1786
1806,1786
1772,1787
1779,1788
1784,1789
1790,1789
1791,1789
1789,1790
1789,1791
1792,1791
1791,1792
1793,1792
1794,1792
1795,1792
1792,1793
1807,1793
1808,1793
1809,1793
1792,1794
1810,1794
1811,1794
1812,1794
1792,1795
1813,1795
1814,1795
1815,1795
1774,1796
1777,1797
1778,1798
1780,1799
1781,1800
1781,1801
1782,1802
1782,1803
1783,1804
1783,1805
1786,1806
1793,1807
1793,1808
1793,1809
1794,1810
1794,1811
1794,1812
1795,1813
1795,1814
1795,1815
1817,1816
1822,1816
1823,1816
1816,1817
1818,1817
1826,1817
1817,1818
1819,1818
1830,1818
1818,1819
1820,1819
1819,1820
1821,1820
1837,1820
1838,1820
1820,1821
1822,1821
1827,1821
1816,1822
1821,1822
1829,1822
1816,1823
1824,1823
1839,1823
1823,1824
1825,1824
1840,1824
1824,1825
1826,1825
1836,1825
1817,1826
1825,1826
1841,1826
1821,1827
1828,1827
1827,1828
1829,1828
1842,1828
1822,1829
1828,1829
1818,1830
1831,1830
1835,1830
1830,1831
1832,1831
1843,1831
1831,1832
1833,1832
1844,1832
1832,1833
1834,1833
1845,1833
1833,1834
1835,1834
1846,1834
1830,1835
1834,1835
1847,1835
1825,1836
1820,1837
1820,1838
1823,1839
1824,1840
1826,1841
1828,1842
1831,1843
1832,1844
1833,1845
1834,1846
1835,1847
1849,1848
1853,1848
1869,1848
1848,1849
1850,1849
1866,1849
1849,1850
1851,1850
1870,1850
1850,1851
1852,1851
1854,1851
1851,1852
1853,1852
1858,1852
1848,1853
1852,1853
1871,1853
1851,1854
1855,1854
1859,1854
1854,1855
1856,1855
1855,1856
1857,1856
1867,1856
1872,1856
1856,1857
1858,1857
1860,1857
1852,1858
1857,1858
1873,1858
1854,1859
1861,1859
1865,1859
1857,1860
1859,1861
1862,1861
1874,1861
1861,1862
1863,1862
1875,1862
1862,1863
1864,1863
1876,1863
1863,1864
1865,1864
1877,1864
1859,1865
1864,1865
1868,1865
1849,1866
1856,1867
1878,1867
1865,1868
1848,1869
1850,1870
1853,1871
1856,1872
1858,1873
1861,1874
1862,1875
1863,1876
1864,1877
1867,1878
1880,1879
1885,1879
1886,1879
1879,1880
1881,1880
1889,1880
1880,1881
1882,1881
1893,1881
1881,1882
1883,1882
1902,1882
1882,1883
1884,1883
1903,1883
1904,1883
1883,1884
1885,1884
1890,1884
1879,1885
1884,1885
1892,1885
1879,1886
1887,1886
1905,1886
1886,1887
1888,1887
1906,1887
1887,1888
1889,1888
1899,1888
1880,1889
1888,1889
1907,1889
1884,1890
1891,1890
1890,1891
1892,1891
1885,1892
1891,1892
1901,1892
1881,1893
1894,1893
1898,1893
1893,1894
1895,1894
1908,1894
1894,1895
1896,1895
1909,1895
1895,1896
1897,1896
1910,1896
1896,1897
1898,1897
1911,1897
1893,1898
1897,1898
1900,1898
1888,1899
1898,1900
1892,1901
1912,1901
1913,1901
1914,1901
1882,1902
1883,1903
1883,1904
1886,1905
1887,1906
1889,1907
1894,1908
1895,1909
1896,1910
1897,1911
1901,1912
1901,1913
1901,1914
1916,1915
1920,1915
1937,1915
1915,1916
1917,1916
1934,1916
1916,1917
1918,1917
1938,1917
1917,1918
1919,1918
1921,1918
1918,1919
1920,1919
1925,1919
1915,1920
1919,1920
1939,1920
1918,1921
1922,1921
1926,1921
1921,1922
1923,1922
1922,1923
1924,1923
1940,1923
1941,1923
1923,1924
1925,1924
1927,1924
1919,1925
1924,1925
1933,1925
1921,1926
1928,1926
1932,1926
1924,1927
1926,1928
1929,1928
1942,1928
1928,1929
1930,1929
1943,1929
1929,1930
1931,1930
1944,1930
1930,1931
1932,1931
1945,1931
1926,1932
1931,1932
1936,1932
1925,1933
1946,1933
1947,1933
1948,1933
1916,1934
1935,1934
1949,1934
1934,1935
1950,1935
1932,1936
1915,1937
1917,1938
1920,1939
1923,1940
1923,1941
1928,1942
1929,1943
1930,1944
1931,1945
1933,1946
1933,1947
1933,1948
1934,1949
1935,1950
1952,1951
1957,1951
1958,1951
1951,1952
1953,1952
1961,1952
1952,1953
1954,1953
1965,1953
1953,1954
1955,1954
1976,1954
1954,1955
1956,1955
1970,1955
1977,1955
1955,1956
1957,1956
1962,1956
1951,1957
1956,1957
1964,1957
1951,1958
1959,1958
1971,1958
1958,1959
1960,1959
1972,1959
1959,1960
1961,1960
1973,1960
1952,1961
1960,1961
1966,1961
1956,1962
1963,1962
1967,1962
1962,1963
1964,1963
1957,1964
1963,1964
1974,1964
1953,1965
1961,1966
1962,1967
1968,1967
1969,1967
1967,1968
1967,1969
1975,1969
1955,1970
1958,1971
1959,1972
1960,1973
1964,1974
1969,1975
1980,1975
1981,1975
1982,1975
1954,1976
1977,1976
1978,1976
1979,1976
1955,1977
1976,1977
1983,1977
1984,1977
1976,1978
1976,1979
1975,1980
1985,1980
1986,1980
1987,1980
1975,1981
1988,1981
1989,1981
1990,1981
1975,1982
1991,1982
1992,1982
1993,1982
1977,1983
1977,1984
1980,1985
1980,1986
1980,1987
1981,1988
1981,1989
1981,1990
1982,1991
1982,1992
1982,1993
1995,1994
1999,1994
2015,1994
1994,1995
1996,1995
2016,1995
1995,1996
1997,1996
2014,1996
1996,1997
1998,1997
2000,1997
1997,1998
1999,1998
2004,1998
1994,1999
1998,1999
2017,1999
1997,2000
2001,2000
2005,2000
2000,2001
2002,2001
2001,2002
2003,2002
2018,2002
2019,2002
2002,2003
2004,2003
2006,2003
1998,2004
2003,2004
2013,2004
2000,2005
2007,2005
2011,2005
2003,2006
2005,2007
2008,2007
2020,2007
2007,2008
2009,2008
2021,2008
2008,2009
2010,2009
2022,2009
2009,2010
2011,2010
2023,2010
2005,2011
2010,2011
2012,2011
2011,2012
2004,2013
2024,2013
2025,2013
2026,2013
1996,2014
1994,2015
1995,2016
1999,2017
2002,2018
2002,2019
2007,2020
2008,2021
2009,2022
2010,2023
2013,2024
2013,2025
2013,2026
2028,2027
2033,2027
2034,2027
2027,2028
2029,2028
2037,2028
2028,2029
2030,2029
2044,2029
2029,2030
2031,2030
2038,2030
2030,2031
2032,2031
2040,2031
2053,2031
2031,2032
2033,2032
2041,2032
2027,2033
2032,2033
2043,2033
2027,2034
2035,2034
2054,2034
2034,2035
2036,2035
2055,2035
2035,2036
2037,2036
2056,2036
2028,2037
2036,2037
2045,2037
2030,2038
2039,2038
2057,2038
2058,2038
2038,2039
2040,2039
2059,2039
2060,2039
2031,2040
2039,2040
2061,2040
2062,2040
2032,2041
2042,2041
2046,2041
2041,2042
2043,2042
2033,2043
2042,2043
2063,2043
2029,2044
2037,2045
2041,2046
2047,2046
2048,2046
2046,2047
2046,2048
2049,2048
2048,2049
2050,2049
2051,2049
2052,2049
2049,2050
2064,2050
2065,2050
2066,2050
2049,2051
2067,2051
2068,2051
2069,2051
2049,2052
2070,2052
2071,2052
2072,2052
2031,2053
2034,2054
2035,2055
2036,2056
2038,2057
2038,2058
2039,2059
2039,2060
2040,2061
2040,2062
2043,2063
2050,2064
2050,2065
2050,2066
2051,2067
2051,2068
2051,2069
2052,2070
2052,2071
2052,2072
2074,2073
2078,2073
2094,2073
2073,2074
2075,2074
2086,2074
2074,2075
2076,2075
2095,2075
2075,2076
2077,2076
2079,2076
2076,2077
2078,2077
2083,2077
2073,2078
2077,2078
2096,2078
2076,2079
2080,2079
2084,2079
2079,2080
2081,2080
2080,2081
2082,2081
2097,2081
2098,2081
2081,2082
2083,2082
2085,2082
2077,2083
2082,2083
2099,2083
2079,2084
2087,2084
2091,2084
2082,2085
2074,2086
2084,2087
2088,2087
2093,2087
2087,2088
2089,2088
2100,2088
2088,2089
2090,2089
2101,2089
2089,2090
2091,2090
2102,2090
2084,2091
2090,2091
2092,2091
2091,2092
2087,2093
2073,2094
2075,2095
2078,2096
2081,2097
2081,2098
2083,2099
2088,2100
2089,2101
2090,2102
2104,2103
2109,2103
2110,2103
2103,2104
2105,2104
2113,2104
2104,2105
2106,2105
2120,2105
2105,2106
2107,2106
2114,2106
2106,2107
2108,2107
2116,2107
2127,2107
2107,2108
2109,2108
2117,2108
2103,2109
2108,2109
2119,2109
2103,2110
2111,2110
2128,2110
2110,2111
2112,2111
2129,2111
2111,2112
2113,2112
2130,2112
2104,2113
2112,2113
2121,2113
2106,2114
2115,2114
2131,2114
2132,2114
2114,2115
2116,2115
2133,2115
2134,2115
2107,2116
2115,2116
2135,2116
2136,2116
2108,2117
2118,2117
2122,2117
2117,2118
2119,2118
2109,2119
2118,2119
2137,2119
2105,2120
2113,2121
2117,2122
2123,2122
2124,2122
2122,2123
2122,2124
2125,2124
2124,2125
2126,2125
2140,2125
2141,2125
2125,2126
2138,2126
2139,2126
2144,2126
2107,2127
2110,2128
2111,2129
2112,2130
2114,2131
2114,2132
2115,2133
2115,2134
2116,2135
2116,2136
2119,2137
2126,2138
2142,2138
2143,2138
2144,2138
2126,2139
2125,2140
2125,2141
2138,2142
2138,2143
2126,2144
2138,2144
2145,2144
2146,2144
2144,2145
2144,2146
2148,2147
2153,2147
2154,2147
2147,2148
2149,2148
2157,2148
2148,2149
2150,2149
2161,2149
2149,2150
2151,2150
2172,2150
2150,2151
2152,2151
2166,2151
2173,2151
2151,2152
2153,2152
2158,2152
2147,2153
2152,2153
2160,2153
2147,2154
2155,2154
2167,2154
2154,2155
2156,2155
2168,2155
2155,2156
2157,2156
2169,2156
2148,2157
2156,2157
2162,2157
2152,2158
2159,2158
2163,2158
2158,2159
2160,2159
2153,2160
2159,2160
2170,2160
2149,2161
2157,2162
2158,2163
2164,2163
2165,2163
2163,2164
2163,2165
2171,2165
2151,2166
2154,2167
2155,2168
2156,2169
2160,2170
2165,2171
2176,2171
2177,2171
2180,2171
2150,2172
2173,2172
2174,2172
2175,2172
2151,2173
2172,2173
2178,2173
2179,2173
2172,2174
2172,2175
2171,2176
2171,2177
2173,2178
2173,2179
2171,2180
2181,2180
2189,2180
2180,2181
2182,2181
2183,2181
2181,2182
2181,2183
2184,2183
2185,2183
2183,2184
2183,2185
2186,2185
2187,2185
2185,2186
2185,2187
2188,2187
2189,2187
2187,2188
2180,2189
2187,2189
2190,2189
2189,2190
2192,2191
2197,2191
2198,2191
2191,2192
2193,2192
2201,2192
2192,2193
2194,2193
2208,2193
2193,2194
2195,2194
2202,2194
2194,2195
2196,2195
2204,2195
2215,2195
2195,2196
2197,2196
2205,2196
2191,2197
2196,2197
2207,2197
2191,2198
2199,2198
2216,2198
2198,2199
2200,2199
2217,2199
2199,2200
2201,2200
2218,2200
2192,2201
2200,2201
2209,2201
2194,2202
2203,2202
2219,2202
2220,2202
2202,2203
2204,2203
2221,2203
2222,2203
2195,2204
2203,2204
2223,2204
2224,2204
2196,2205
2206,2205
2210,2205
2205,2206
2207,2206
2197,2207
2206,2207
2225,2207
2193,2208
2201,2209
2205,2210
2211,2210
2212,2210
2210,2211
2210,2212
2213,2212
2212,2213
2214,2213
2228,2213
2229,2213
2213,2214
2226,2214
2227,2214
2230,2214
2195,2215
2198,2216
2199,2217
2200,2218
2202,2219
2202,2220
2203,2221
2203,2222
2204,2223
2204,2224
2207,2225
2214,2226
2214,2227
2213,2228
2213,2229
2231,2229
2232,2229
2233,2229
2214,2230
2229,2231
2229,2232
2229,2233
2235,2234
2239,2234
2253,2234
2234,2235
2236,2235
2247,2235
2235,2236
2237,2236
2254,2236
2236,2237
2238,2237
2240,2237
2237,2238
2239,2238
2244,2238
2234,2239
2238,2239
2255,2239
2237,2240
2241,2240
2245,2240
2263,2240
2240,2241
2242,2241
2264,2241
2241,2242
2243,2242
2256,2242
2257,2242
2242,2243
2244,2243
2246,2243
2238,2244
2243,2244
2265,2244
2240,2245
2248,2245
2252,2245
2243,2246
2235,2247
2245,2248
2249,2248
2258,2248
2248,2249
2250,2249
2259,2249
2249,2250
2251,2250
2260,2250
2250,2251
2252,2251
2261,2251
2245,2252
2251,2252
2262,2252
2234,2253
2236,2254
2239,2255
2242,2256
2242,2257
2248,2258
2249,2259
2250,2260
2251,2261
2252,2262
2240,2263
2241,2264
2244,2265
2267,2266
2271,2266
2293,2266
2266,2267
2268,2267
2294,2267
2267,2268
2269,2268
2268,2269
2270,2269
2272,2269
2269,2270
2271,2270
2274,2270
2266,2271
2270,2271
2269,2272
2273,2272
2281,2272
2295,2272
2272,2273
2274,2273
2275,2273
2270,2274
2273,2274
2290,2274
2273,2275
2276,2275
2280,2275
2275,2276
2277,2276
2296,2276
2276,2277
2278,2277
2297,2277
2277,2278
2279,2278
2292,2278
2278,2279
2280,2279
2298,2279
2275,2280
2279,2280
2272,2281
2282,2281
2281,2282
2283,2282
2284,2282
2282,2283
2282,2284
2285,2284
2289,2284
2284,2285
2286,2285
2299,2285
2300,2285
2285,2286
2287,2286
2301,2286
2302,2286
2286,2287
2288,2287
2291,2287
2287,2288
2289,2288
2303,2288
2304,2288
2284,2289
2288,2289
2305,2289
2306,2289
2274,2290
2287,2291
2307,2291
2308,2291
2309,2291
2278,2292
2266,2293
2267,2294
2272,2295
2276,2296
2277,2297
2279,2298
2285,2299
2285,2300
2286,2301
2286,2302
2288,2303
2288,2304
2289,2305
2289,2306
2291,2307
2291,2308
2291,2309
2311,2310
2316,2310
2317,2310
2310,2311
2312,2311
2320,2311
2311,2312
2313,2312
2327,2312
2312,2313
2314,2313
2321,2313
2313,2314
2315,2314
2323,2314
2334,2314
2314,2315
2316,2315
2324,2315
2310,2316
2315,2316
2326,2316
2310,2317
2318,2317
2335,2317
2317,2318
2319,2318
2336,2318
2318,2319
2320,2319
2337,2319
2311,2320
2319,2320
2328,2320
2313,2321
2322,2321
2338,2321
2339,2321
2321,2322
2323,2322
2340,2322
2341,2322
2314,2323
2322,2323
2342,2323
2343,2323
2315,2324
2325,2324
2329,2324
2324,2325
2326,2325
2316,2326
2325,2326
2344,2326
2312,2327
2320,2328
2324,2329
2330,2329
2331,2329
2329,2330
2329,2331
2332,2331
2331,2332
2333,2332
2348,2332
2349,2332
2332,2333
2345,2333
2346,2333
2347,2333
2314,2334
2317,2335
2318,2336
2319,2337
2321,2338
2321,2339
2322,2340
2322,2341
2323,2342
2323,2343
2326,2344
2333,2345
2350,2345
2351,2345
2352,2345
2333,2346
2333,2347
2332,2348
2332,2349
2345,2350
2345,2351
2345,2352
2353,2352
2354,2352
2355,2352
2352,2353
2356,2353
2357,2353
2358,2353
2352,2354
2352,2355
2353,2356
2359,2356
2360,2356
2361,2356
2353,2357
2353,2358
2356,2359
2356,2360
2356,2361
2363,2362
2367,2362
2385,2362
2362,2363
2364,2363
2381,2363
2363,2364
2365,2364
2386,2364
2364,2365
2366,2365
2368,2365
2365,2366
2367,2366
2372,2366
2362,2367
2366,2367
2387,2367
2365,2368
2369,2368
2373,2368
2368,2369
2370,2369
2369,2370
2371,2370
2384,2370
2388,2370
2370,2371
2372,2371
2374,2371
2366,2372
2371,2372
2389,2372
2368,2373
2375,2373
2379,2373
2371,2374
2373,2375
2376,2375
2390,2375
2375,2376
2377,2376
2391,2376
2376,2377
2378,2377
2392,2377
2377,2378
2379,2378
2393,2378
2373,2379
2378,2379
2380,2379
2379,2380
2363,2381
2382,2381
2383,2381
2381,2382
2381,2383
2370,2384
2394,2384
2395,2384
2396,2384
2362,2385
2364,2386
2367,2387
2370,2388
2372,2389
2375,2390
2376,2391
2377,2392
2378,2393
2384,2394
2384,2395
2384,2396
2398,2397
2403,2397
2404,2397
2397,2398
2399,2398
2407,2398
2398,2399
2400,2399
2411,2399
2399,2400
2401,2400
2422,2400
2400,2401
2402,2401
2416,2401
2423,2401
2401,2402
2403,2402
2408,2402
2397,2403
2402,2403
2410,2403
2397,2404
2405,2404
2417,2404
2404,2405
2406,2405
2418,2405
2405,2406
2407,2406
2419,2406
2398,2407
2406,2407
2412,2407
2402,2408
2409,2408
2413,2408
2408,2409
2410,2409
2403,2410
2409,2410
2420,2410
2399,2411
2407,2412
2408,2413
2414,2413
2415,2413
2413,2414
2413,2415
2421,2415
2401,2416
2404,2417
2405,2418
2406,2419
2410,2420
2415,2421
2426,2421
2427,2421
2428,2421
2400,2422
2424,2422
2425,2422
2435,2422
2401,2423
2429,2423
2430,2423
2434,2423
2422,2424
2422,2425
2421,2426
2421,2427
2421,2428
2431,2428
2432,2428
2433,2428
2423,2429
2423,2430
2428,2431
2428,2432
2428,2433
2423,2434
2435,2434
2436,2434
2437,2434
2422,2435
2434,2435
2438,2435
2439,2435
2434,2436
2434,2437
2435,2438
2435,2439
2441,2440
2446,2440
2447,2440
2440,2441
2442,2441
2450,2441
2441,2442
2443,2442
2457,2442
2442,2443
2444,2443
2451,2443
2443,2444
2445,2444
2453,2444
2466,2444
2444,2445
2446,2445
2454,2445
2440,2446
2445,2446
2456,2446
2440,2447
2448,2447
2467,2447
2447,2448
2449,2448
2468,2448
2448,2449
2450,2449
2469,2449
2441,2450
2449,2450
2458,2450
2443,2451
2452,2451
2470,2451
2471,2451
2451,2452
2453,2452
2472,2452
2473,2452
2444,2453
2452,2453
2474,2453
2475,2453
2445,2454
2455,2454
2459,2454
2454,2455
2456,2455
2446,2456
2455,2456
2476,2456
2442,2457
2450,2458
2486,2458
2487,2458
2488,2458
2454,2459
2460,2459
2461,2459
2459,2460
2459,2461
2462,2461
2461,2462
2463,2462
2464,2462
2465,2462
2462,2463
2477,2463
2478,2463
2479,2463
2462,2464
2480,2464
2481,2464
2482,2464
2462,2465
2483,2465
2484,2465
2485,2465
2444,2466
2447,2467
2448,2468
2449,2469
2451,2470
2451,2471
2452,2472
2452,2473
2453,2474
2453,2475
2456,2476
2463,2477
2463,2478
2463,2479
2464,2480
2464,2481
2464,2482
2465,2483
2465,2484
2465,2485
2458,2486
2458,2487
2458,2488
2490,2489
2495,2489
2496,2489
2489,2490
2491,2490
2499,2490
2490,2491
2492,2491
2503,2491
2491,2492
2493,2492
2492,2493
2494,2493
2511,2493
2512,2493
2493,2494
2495,2494
2500,2494
2489,2495
2494,2495
2502,2495
2489,2496
2497,2496
2513,2496
2496,2497
2498,2497
2514,2497
2497,2498
2499,2498
2509,2498
2490,2499
2498,2499
2515,2499
2494,2500
2501,2500
2500,2501
2502,2501
2516,2501
2495,2502
2501,2502
2491,2503
2504,2503
2508,2503
2503,2504
2505,2504
2517,2504
2504,2505
2506,2505
2518,2505
2505,2506
2507,2506
2519,2506
2506,2507
2508,2507
2520,2507
2503,2508
2507,2508
2510,2508
2498,2509
2508,2510
2493,2511
2493,2512
2496,2513
2497,2514
2499,2515
2501,2516
2504,2517
2505,2518
2506,2519
2507,2520
2522,2521
2526,2521
2541,2521
2521,2522
2523,2522
2540,2522
2522,2523
2524,2523
2542,2523
2523,2524
2525,2524
2527,2524
2524,2525
2526,2525
2531,2525
2521,2526
2525,2526
2543,2526
2524,2527
2528,2527
2532,2527
2527,2528
2529,2528
2528,2529
2530,2529
2544,2529
2545,2529
2529,2530
2531,2530
2533,2530
2525,2531
2530,2531
2546,2531
2527,2532
2534,2532
2538,2532
2530,2533
2532,2534
2535,2534
2547,2534
2534,2535
2536,2535
2548,2535
2535,2536
2537,2536
2549,2536
2536,2537
2538,2537
2550,2537
2532,2538
2537,2538
2551,2538
2540,2539
2552,2539
2553,2539
2554,2539
2522,2540
2539,2540
2555,2540
2556,2540
2521,2541
2523,2542
2526,2543
2529,2544
2529,2545
2531,2546
2534,2547
2535,2548
2536,2549
2537,2550
2538,2551
2539,2552
2539,2553
2539,2554
2540,2555
2540,2556
2558,2557
2562,2557
2579,2557
2557,2558
2559,2558
2576,2558
2558,2559
2560,2559
2580,2559
2559,2560
2561,2560
2563,2560
2560,2561
2562,2561
2567,2561
2557,2562
2561,2562
2581,2562
2560,2563
2564,2563
2568,2563
2563,2564
2565,2564
2564,2565
2566,2565
2582,2565
2583,2565
2565,2566
2567,2566
2569,2566
2561,2567
2566,2567
2575,2567
2563,2568
2570,2568
2574,2568
2566,2569
2568,2570
2571,2570
2584,2570
2570,2571
2572,2571
2585,2571
2571,2572
2573,2572
2586,2572
2572,2573
2574,2573
2587,2573
2568,2574
2573,2574
2578,2574
2567,2575
2588,2575
2589,2575
2590,2575
2558,2576
2577,2576
2576,2577
2574,2578
2557,2579
2559,2580
2562,2581
2565,2582
2565,2583
2570,2584
2571,2585
2572,2586
2573,2587
2575,2588
2575,2589
2575,2590
2592,2591
2597,2591
2598,2591
2591,2592
2593,2592
2601,2592
2592,2593
2594,2593
2608,2593
2593,2594
2595,2594
2602,2594
2594,2595
2596,2595
2604,2595
2617,2595
2595,2596
2597,2596
2605,2596
2591,2597
2596,2597
2607,2597
2591,2598
2599,2598
2618,2598
2598,2599
2600,2599
2619,2599
2599,2600
2601,2600
2620,2600
2592,2601
2600,2601
2609,2601
2594,2602
2603,2602
2621,2602
2622,2602
2602,2603
2604,2603
2623,2603
2624,2603
2595,2604
2603,2604
2625,2604
2626,2604
2596,2605
2606,2605
2610,2605
2605,2606
2607,2606
2597,2607
2606,2607
2627,2607
2593,2608
2601,2609
2605,2610
2611,2610
2612,2610
2610,2611
2610,2612
2613,2612
2612,2613
2614,2613
2615,2613
2616,2613
2613,2614
2628,2614
2629,2614
2630,2614
2613,2615
2631,2615
2632,2615
2633,2615
2613,2616
2634,2616
2635,2616
2636,2616
2595,2617
2598,2618
2599,2619
2600,2620
2602,2621
2602,2622
2603,2623
2603,2624
2604,2625
2604,2626
2607,2627
2614,2628
2614,2629
2614,2630
2615,2631
2615,2632
2615,2633
2616,2634
2616,2635
2616,2636
2638,2637
2642,2637
2658,2637
2637,2638
2639,2638
2650,2638
2638,2639
2640,2639
2659,2639
2639,2640
2641,2640
2643,2640
2640,2641
2642,2641
2647,2641
2637,2642
2641,2642
2660,2642
2640,2643
2644,2643
2648,2643
2643,2644
2645,2644
2644,2645
2646,2645
2661,2645
2662,2645
2645,2646
2647,2646
2649,2646
2641,2647
2646,2647
2663,2647
2643,2648
2651,2648
2655,2648
2646,2649
2638,2650
2648,2651
2652,2651
2657,2651
2651,2652
2653,2652
2664,2652
2652,2653
2654,2653
2665,2653
2653,2654
2655,2654
2666,2654
2648,2655
2654,2655
2656,2655
2655,2656
2651,2657
2637,2658
2639,2659
2642,2660
2645,2661
2645,2662
2647,2663
2652,2664
2653,2665
2654,2666
2668,2667
2673,2667
2674,2667
2667,2668
2669,2668
2677,2668
2668,2669
2670,2669
2684,2669
2669,2670
2671,2670
2678,2670
2670,2671
2672,2671
2680,2671
2693,2671
2671,2672
2673,2672
2681,2672
2667,2673
2672,2673
2683,2673
2667,2674
2675,2674
2694,2674
2674,2675
2676,2675
2695,2675
2675,2676
2677,2676
2685,2676
2668,2677
2676,2677
2696,2677
2670,2678
2679,2678
2697,2678
2698,2678
2678,2679
2680,2679
2699,2679
2700,2679
2671,2680
2679,2680
2701,2680
2702,2680
2672,2681
2682,2681
2686,2681
2681,2682
2683,2682
2673,2683
2682,2683
2703,2683
2669,2684
2676,2685
2681,2686
2687,2686
2688,2686
2686,2687
2686,2688
2689,2688
2688,2689
2690,2689
2691,2689
2692,2689
2689,2690
2704,2690
2705,2690
2706,2690
2689,2691
2707,2691
2708,2691
2709,2691
2689,2692
2710,2692
2711,2692
2712,2692
2671,2693
2674,2694
2675,2695
2677,2696
2678,2697
2678,2698
2679,2699
2679,2700
2680,2701
2680,2702
2683,2703
2690,2704
2690,2705
2690,2706
2691,2707
2691,2708
2691,2709
2692,2710
2692,2711
2692,2712
2714,2713
2718,2713
2733,2713
2713,2714
2715,2714
2722,2714
2714,2715
2716,2715
2715,2716
2717,2716
2719,2716
2716,2717
2718,2717
2721,2717
2713,2718
2717,2718
2734,2718
2716,2719
2720,2719
2728,2719
2719,2720
2721,2720
2717,2721
2720,2721
2714,2722
2723,2722
2727,2722
2722,2723
2724,2723
2735,2723
2723,2724
2725,2724
2736,2724
2724,2725
2726,2725
2737,2725
2725,2726
2727,2726
2729,2726
2722,2727
2726,2727
2738,2727
2719,2728
2739,2728
2740,2728
2741,2728
2726,2729
2730,2729
2731,2729
2732,2729
2729,2730
2729,2731
2729,2732
2713,2733
2718,2734
2723,2735
2724,2736
2725,2737
2727,2738
2728,2739
2728,2740
2728,2741
2743,2742
2747,2742
2762,2742
2742,2743
2744,2743
2760,2743
2743,2744
2745,2744
2763,2744
2744,2745
2746,2745
2748,2745
2745,2746
2747,2746
2752,2746
2742,2747
2746,2747
2764,2747
2745,2748
2749,2748
2753,2748
2748,2749
2750,2749
2749,2750
2751,2750
2765,2750
2766,2750
2750,2751
2752,2751
2754,2751
2746,2752
2751,2752
2767,2752
2748,2753
2755,2753
2759,2753
2751,2754
2753,2755
2756,2755
2768,2755
2755,2756
2757,2756
2769,2756
2756,2757
2758,2757
2770,2757
2757,2758
2759,2758
2771,2758
2753,2759
2758,2759
2772,2759
2743,2760
2761,2760
2773,2760
2760,2761
2742,2762
2744,2763
2747,2764
2750,2765
2750,2766
2752,2767
2755,2768
2756,2769
2757,2770
2758,2771
2759,2772
2760,2773
2775,2774
2779,2774
2796,2774
2774,2775
2776,2775
2787,2775
2775,2776
2777,2776
2797,2776
2776,2777
2778,2777
2780,2777
2777,2778
2779,2778
2784,2778
2774,2779
2778,2779
2798,2779
2777,2780
2781,2780
2785,2780
2780,2781
2782,2781
2781,2782
2783,2782
2799,2782
2800,2782
2782,2783
2784,2783
2786,2783
2778,2784
2783,2784
2795,2784
2780,2785
2788,2785
2792,2785
2783,2786
2775,2787
2785,2788
2789,2788
2794,2788
2788,2789
2790,2789
2801,2789
2789,2790
2791,2790
2802,2790
2790,2791
2792,2791
2803,2791
2785,2792
2791,2792
2793,2792
2792,2793
2788,2794
2784,2795
2804,2795
2805,2795
2806,2795
2774,2796
2776,2797
2779,2798
2782,2799
2782,2800
2789,2801
2790,2802
2791,2803
2795,2804
2795,2805
2795,2806
2808,2807
2813,2807
2814,2807
2807,2808
2809,2808
2817,2808
2808,2809
2810,2809
2818,2809
2809,2810
2811,2810
2810,2811
2812,2811
2830,2811
2831,2811
2811,2812
2813,2812
2820,2812
2807,2813
2812,2813
2823,2813
2807,2814
2815,2814
2832,2814
2814,2815
2816,2815
2833,2815
2815,2816
2817,2816
2819,2816
2808,2817
2816,2817
2834,2817
2809,2818
2825,2818
2829,2818
2816,2819
2812,2820
2821,2820
2835,2820
2820,2821
2822,2821
2821,2822
2823,2822
2824,2822
2813,2823
2822,2823
2822,2824
2836,2824
2837,2824
2838,2824
2818,2825
2826,2825
2839,2825
2825,2826
2827,2826
2840,2826
2826,2827
2828,2827
2841,2827
2827,2828
2829,2828
2842,2828
2818,2829
2828,2829
2843,2829
2811,2830
2811,2831
2814,2832
2815,2833
2817,2834
2820,2835
2824,2836
2824,2837
2824,2838
2825,2839
2826,2840
2827,2841
2828,2842
2829,2843
2845,2844
2850,2844
2851,2844
2844,2845
2846,2845
2854,2845
2845,2846
2847,2846
2855,2846
2846,2847
2848,2847
2863,2847
2847,2848
2849,2848
2864,2848
2865,2848
2848,2849
2850,2849
2862,2849
2844,2850
2849,2850
2866,2850
2844,2851
2852,2851
2867,2851
2851,2852
2853,2852
2868,2852
2852,2853
2854,2853
2861,2853
2845,2854
2853,2854
2869,2854
2846,2855
2856,2855
2860,2855
2855,2856
2857,2856
2870,2856
2856,2857
2858,2857
2871,2857
2857,2858
2859,2858
2872,2858
2858,2859
2860,2859
2873,2859
2855,2860
2859,2860
2874,2860
2853,2861
2849,2862
2847,2863
2848,2864
2848,2865
2850,2866
2851,2867
2852,2868
2854,2869
2856,2870
2857,2871
2858,2872
2859,2873
2860,2874
2876,2875
2880,2875
2898,2875
2875,2876
2877,2876
2888,2876
2876,2877
2878,2877
2899,2877
2877,2878
2879,2878
2881,2878
2878,2879
2880,2879
2885,2879
2875,2880
2879,2880
2900,2880
2878,2881
2882,2881
2886,2881
2881,2882
2883,2882
2882,2883
2884,2883
2901,2883
2902,2883
2883,2884
2885,2884
2887,2884
2879,2885
2884,2885
2903,2885
2881,2886
2889,2886
2893,2886
2884,2887
2876,2888
2886,2889
2890,2889
2904,2889
2889,2890
2891,2890
2905,2890
2890,2891
2892,2891
2906,2891
2891,2892
2893,2892
2894,2892
2886,2893
2892,2893
2897,2893
2892,2894
2895,2894
2907,2894
2894,2895
2896,2895
2908,2895
2895,2896
2897,2896
2909,2896
2893,2897
2896,2897
2910,2897
2875,2898
2877,2899
2880,2900
2883,2901
2883,2902
2885,2903
2889,2904
2890,2905
2891,2906
2894,2907
2895,2908
2896,2909
2897,2910
2912,2911
2916,2911
2932,2911
2911,2912
2913,2912
2924,2912
2912,2913
2914,2913
2933,2913
2913,2914
2915,2914
2917,2914
2914,2915
2916,2915
2921,2915
2911,2916
2915,2916
2934,2916
2914,2917
2918,2917
2922,2917
2917,2918
2919,2918
2918,2919
2920,2919
2935,2919
2936,2919
2919,2920
2921,2920
2923,2920
2915,2921
2920,2921
2937,2921
2917,2922
2925,2922
2929,2922
2920,2923
2912,2924
2922,2925
2926,2925
2931,2925
2925,2926
2927,2926
2938,2926
2926,2927
2928,2927
2939,2927
2927,2928
2929,2928
2940,2928
2922,2929
2928,2929
2930,2929
2929,2930
2925,2931
2911,2932
2913,2933
2916,2934
2919,2935
2919,2936
2921,2937
2926,2938
2927,2939
2928,2940
