-2.321997,2.553787,0.054053
-2.602597,1.197588,0.242153
-1.522297,0.324287,0.432253
-0.193997,0.796587,0.441153
0.059103,2.170488,0.329653
-1.010897,3.037587,0.090353
0.911003,-0.210313,0.453353
1.986203,-0.117513,1.160253
2.191403,1.050188,2.008553
2.392703,2.297588,1.165353
1.327203,2.758687,0.437053
0.791503,-1.424313,-0.412947
3.433403,2.956287,1.192653
1.236203,-2.657313,0.082553
1.150003,-3.804712,-0.709947
0.629703,-3.725513,-2.002447
0.201803,-2.497313,-2.506547
0.289803,-1.354213,-1.714647
-0.106097,-0.186713,-2.242447
-3.960397,0.826387,0.208953
-4.214097,-0.382413,0.351553
-4.456597,-1.489313,0.482653
-3.141697,3.251387,-0.110947
-1.697197,-0.741313,0.557653
-0.846697,4.105787,-0.032947
3.100503,0.892187,2.599353
1.373903,1.197187,2.723553
1.467703,3.700187,0.092053
1.655603,-2.725913,1.084253
1.497903,-4.759112,-0.320347
0.569303,-4.618712,-2.619947
-0.190397,-2.421512,-3.516247
-2.326209,2.474672,0.048081
-2.566509,1.109972,0.227181
-1.499909,0.224772,0.429281
-0.178409,0.709372,0.463081
0.059991,2.092372,0.360481
-1.015909,2.957272,0.109681
0.937291,-0.292928,0.487181
2.018791,-0.193028,1.190081
2.184491,0.986172,2.037981
2.405091,2.218572,1.173881
1.321691,2.699372,0.484481
0.817391,-1.505828,-0.385419
3.487191,2.813872,1.138981
0.307891,-1.409928,-1.686519
0.215591,-2.552728,-2.483819
0.638291,-3.786928,-1.989719
1.160591,-3.882628,-0.699919
1.255891,-2.743428,0.101381
-3.942909,0.598972,0.181881
-4.125709,-0.621128,0.352781
-4.867709,1.407672,-0.023919
-3.138209,3.177372,-0.125419
-1.689609,-0.840328,0.542681
-0.850909,4.028172,-0.004019
3.074491,0.844572,2.660881
1.341091,1.132872,2.722281
1.439191,3.635272,0.105681
-0.007909,-0.453728,-2.098019
-0.182209,-2.479428,-3.494719
0.565791,-4.676128,-2.614219
1.495591,-4.845428,-0.318219
1.665791,-2.827728,1.105981
-2.493494,2.058883,0.09154
-2.707694,0.693283,0.26974
-1.622194,-0.166817,0.46034
-0.307294,0.343683,0.47954
-0.071794,1.730883,0.34034
-1.188394,2.564383,0.12424
0.803406,-0.656917,0.56094
1.863106,-0.539817,1.29204
1.970506,0.674183,2.09954
2.284506,1.841283,1.17514
1.233306,2.326983,0.39324
0.699806,-1.871117,-0.29606
3.414706,2.345483,1.16834
1.107106,-3.095717,0.25334
1.016706,-4.263417,-0.50526
0.520206,-4.212717,-1.80706
0.113906,-2.993917,-2.35596
0.200506,-1.818617,-1.60376
-4.075194,0.157283,0.24794
-4.232194,-1.065817,0.42234
-5.017694,0.948683,0.05634
-0.266694,-0.338517,-2.36366
1.465006,3.563883,-0.35096
-3.320394,2.748983,-0.06246
-1.794994,-1.232517,0.59174
-1.076694,3.641583,0.01204
2.806306,0.555783,2.79784
1.081506,0.869483,2.70964
1.484506,-3.151417,1.27244
1.330806,-5.214917,-0.07916
0.450606,-5.124417,-2.39836
-0.263994,-2.970417,-3.37606
2.531906,3.719383,-0.53726
1.098606,4.409183,0.23974
0.961706,3.523783,-1.32236
-1.542478,2.576011,0.030876
-1.804778,1.214411,0.202976
-0.730378,0.344011,0.394076
0.595422,0.821911,0.420076
0.841622,2.198211,0.318276
-0.232778,3.062311,0.081676
1.705822,-0.181289,0.435976
2.787622,-0.080589,1.131776
2.986722,1.082611,1.985476
3.176822,2.334911,1.148276
2.105922,2.794011,0.427276
1.581322,-1.396289,-0.431824
4.211822,3.003011,1.173976
1.082122,-1.307589,-1.737224
0.985022,-2.457089,-2.524224
1.391822,-3.690289,-2.014224
1.907122,-3.777689,-0.721124
2.008122,-2.631689,0.068376
-3.154678,0.809111,0.151976
-3.654978,-0.473889,0.290476
-3.011178,-1.498589,0.478876
-5.156478,-0.513389,0.159476
-2.351378,3.284911,-0.130524
-0.898278,-0.722989,0.509476
-0.069278,4.132511,-0.027024
3.898622,0.929911,2.573476
2.170222,1.219511,2.703376
2.242422,3.738511,0.089676
0.779622,-0.352789,-2.157024
0.597622,-2.390989,-3.537424
1.313222,-4.584489,-2.627524
2.234322,-4.736689,-0.327824
2.416622,-2.702789,1.073476
-3.835978,1.542511,-0.001824
-5.435878,-0.360489,-0.886624
-5.614678,0.258911,0.783976
-5.526778,-1.487689,0.491076
-2.59699,2.500637,0.009277
-2.89539,1.188437,0.354977
-1.85899,0.289737,0.622977
-0.51409,0.703337,0.543177
-0.23119,2.063037,0.305477
-1.27599,2.941137,-0.014023
0.60211,-0.299063,0.564477
1.67941,-0.193963,1.275277
1.85071,1.016537,2.077377
2.10781,2.195737,1.146377
1.05191,2.639137,0.388077
0.51831,-1.485163,-0.351123
3.19691,2.777737,1.106277
0.03331,-1.355863,-1.659323
-0.02059,-2.472663,-2.496423
0.41721,-3.714663,-2.036523
0.91681,-3.843963,-0.741023
0.97381,-2.730963,0.099877
-2.32589,-1.305863,1.112377
-3.87209,3.601137,-0.348423
-3.93139,0.863037,0.410277
-1.06699,3.985537,-0.237723
2.72961,0.890237,2.718477
0.99961,1.213137,2.738977
1.20151,3.539637,-0.059523
-0.29359,-0.394763,-2.049223
-0.39989,-2.372563,-3.512023
0.37451,-4.582963,-2.692023
1.26401,-4.812463,-0.385323
1.36551,-2.843263,1.108977
-2.666981,2.571969,-0.161838
-2.944981,1.227769,-0.002338
-1.908481,0.345869,0.301862
-0.558281,0.769769,0.452162
-0.306481,2.149169,0.361462
-1.361681,3.023769,0.019762
0.466219,-0.338431,0.702462
1.877719,0.046369,0.664162
2.205819,0.997769,1.716063
2.060219,2.410069,1.200662
0.908019,2.811669,0.600962
0.316519,-1.521031,-0.267638
2.952319,3.246969,1.374763
-4.550081,0.641169,-0.199938
-0.200381,-1.331131,-1.561638
-0.312181,-2.403131,-2.447938
0.095419,-3.676631,-2.055638
0.615219,-3.880231,-0.778238
0.728919,-2.809731,0.111162
-3.459181,3.273069,-0.409537
-2.163281,-0.709431,0.399262
-1.179681,4.092169,-0.083038
3.261919,0.862869,1.979163
1.627419,0.865969,2.636862
-0.509381,-0.337131,-1.881337
-0.711781,-2.241131,-3.445737
0.013119,-4.509631,-2.748838
0.936119,-4.873931,-0.476738
1.142319,-2.989031,1.100963
0.248419,-0.717931,1.711663
2.431619,-0.798031,0.800063
0.945519,3.800169,0.386962
-2.7511,2.165409,-0.177506
-3.0291,0.821209,-0.018006
-1.9926,-0.060691,0.286194
-0.6424,0.363209,0.436494
-0.3906,1.742609,0.345794
-1.4458,2.617209,0.004094
0.3821,-0.744991,0.686794
1.7936,-0.360191,0.648494
2.1217,0.591209,1.700394
1.9761,2.003509,1.184994
0.8239,2.405109,0.585294
0.2324,-1.927591,-0.283306
2.8682,2.840409,1.359094
-4.6342,0.234609,-0.215606
-0.2845,-1.737691,-1.577306
-0.3963,-2.809691,-2.463606
0.0113,-4.083191,-2.071306
0.5311,-4.286791,-0.793906
0.6448,-3.216291,0.095494
-3.5433,2.866509,-0.425206
-2.2474,-1.115991,0.383594
-1.2638,3.685609,-0.098706
3.1778,0.456309,1.963494
1.5433,0.459409,2.621194
-0.5935,-0.743691,-1.897006
-0.7959,-2.647691,-3.461406
-0.071,-4.916191,-2.764506
0.852,-5.280491,-0.492406
1.0582,-3.395591,1.085294
0.1643,-1.124491,1.695994
2.3475,-1.204591,0.784394
0.8781,3.832309,0.276294
1.8805,4.220309,0.510294
0.6662,3.984409,-0.792306
0.1284,4.366509,0.878394
0.137847,1.396611,0.631637
0.049647,0.012611,0.627237
1.182847,-0.923389,0.653537
2.288847,-0.738389,1.291337
2.441347,0.404711,2.185437
2.429747,1.700111,1.463837
1.301747,2.156211,0.803337
-1.357153,2.170011,0.442537
-2.199853,0.689411,0.388437
-1.332953,-0.379089,0.488737
3.375847,2.616411,1.458737
2.885547,3.713011,0.816137
1.647347,3.453611,0.431337
1.044847,-2.155689,-0.158963
0.815347,4.391111,-0.362763
1.534947,-3.357589,0.371437
1.414447,-4.538689,-0.360963
0.806347,-4.521989,-1.616163
0.317847,-3.324189,-2.144363
0.434147,-2.135989,-1.417663
-0.150353,-0.680189,-2.141263
-4.103553,0.618011,-1.230163
-3.691753,0.660711,0.233637
3.402947,0.297911,2.701237
1.678747,0.387411,2.974237
-1.676653,-1.408489,0.455837
1.426647,5.232911,-0.706263
0.004847,4.806711,0.242237
0.405747,3.908111,-1.254463
2.004547,-3.381189,1.352737
1.793347,-5.473989,0.047837
0.713447,-5.444489,-2.187163
-0.148353,-3.327489,-3.127463
-5.194753,0.612411,-1.316463
-3.719553,-0.280089,-1.725663
-3.724553,1.489711,-1.774463
-4.120853,1.554611,0.702637
-4.118653,-0.201389,0.760137
-0.628119,1.518759,0.491469
-0.716119,0.132059,0.485469
0.418381,-0.802341,0.510569
1.524281,-0.615641,1.147269
1.677881,0.526659,2.042369
1.663981,1.823159,1.322769
0.534981,2.279459,0.664069
-2.127319,2.291459,0.303169
-2.941819,0.814259,0.246069
-2.100919,-0.264041,0.346069
2.608781,2.740659,1.318669
2.116581,3.837859,0.678569
0.878481,3.577959,0.294469
0.281181,-2.034441,-0.301931
0.044581,4.516359,-0.496531
0.773281,-3.235841,0.227469
0.654381,-4.416341,-0.506031
0.046181,-4.399441,-1.761131
-0.444119,-3.202041,-2.288331
-0.329519,-2.014441,-1.560631
-0.914719,-0.558341,-2.282931
-4.980619,0.664459,0.029569
2.640281,0.419859,2.556269
0.916481,0.507659,2.832469
-2.441319,-1.293541,0.311969
0.654381,5.359759,-0.838631
-0.765919,4.929559,0.110169
-0.365219,4.034859,-1.389131
1.242681,-3.259841,1.208969
1.034581,-5.351641,-0.098031
-0.045419,-5.321741,-2.332931
-0.910219,-3.205141,-3.271631
-0.746276,1.132741,0.567241
-0.775276,-0.257259,0.560441
0.398224,-1.141959,0.534941
1.518224,-0.909259,1.130541
1.654024,0.235541,2.025341
1.559524,1.532441,1.311841
0.390524,1.942441,0.692541
-2.286176,1.839841,0.455141
-3.033276,0.329541,0.424741
-2.145676,-0.711859,0.479941
2.464324,2.488241,1.281341
1.907424,3.563841,0.658141
0.668524,3.252941,0.304841
0.283024,-2.375559,-0.278859
0.846324,-3.556759,0.224441
0.749524,-4.738659,-0.510259
0.092724,-4.743359,-1.740759
-0.468576,-3.566059,-2.242059
-0.376476,-2.377259,-1.512859
-1.050676,-0.945059,-2.204759
-4.742876,0.221041,0.319341
-0.249576,4.143341,-0.471259
0.377324,5.432841,-0.811959
2.637724,0.168541,2.504541
0.922624,0.181741,2.841641
-2.452376,-1.751259,0.454641
1.353924,-3.564859,1.186841
1.185124,-5.658159,-0.122359
0.018324,-5.666559,-2.313459
-0.972076,-3.585459,-3.206359
-1.147076,4.357041,0.116741
-0.545276,3.665141,-1.409959
1.245424,5.222241,-1.317059
0.718824,5.839841,0.066741
-0.522508,1.526717,0.461114
-0.719008,0.124617,0.499314
0.350092,-0.924383,0.517214
1.443292,-0.794983,1.295214
1.750692,0.399117,2.140214
1.818192,1.653717,1.351014
0.768692,2.116917,0.577614
-1.635008,2.385817,0.358914
-2.931908,1.878217,0.288114
-3.138608,0.508217,0.326214
-2.046508,-0.354083,0.431614
2.826392,2.502217,1.308914
2.477792,3.525417,0.478214
1.262392,3.290317,0.016414
0.290392,-2.167283,-0.300086
-0.224508,-2.116183,-1.603086
-0.301108,-3.274383,-2.380286
0.132292,-4.493483,-1.861686
0.640992,-4.557483,-0.565586
0.718692,-3.400683,0.213314
0.596392,4.103817,-1.032486
2.209692,-1.569383,1.305414
2.720692,0.238217,2.627014
1.018892,0.490317,2.951814
-1.529608,3.467517,0.389014
-3.780208,2.557117,0.220314
-4.148308,0.104917,0.277014
-2.250408,-1.424983,0.458714
-0.567508,-1.172383,-2.024486
-0.700208,-3.224083,-3.391786
0.071492,-5.395683,-2.467986
0.975992,-5.509883,-0.158486
1.110092,-3.470483,1.227214
1.350492,4.620517,-1.635786
-0.042908,4.868617,-0.582786
0.004692,3.487517,-1.715386
-2.907133,-0.603914,-1.228216
-3.172233,-1.956214,-0.934116
-2.102933,-2.974014,-0.866116
-1.086733,-2.773714,0.013984
-0.512033,-1.586614,0.607884
-0.570433,-0.394914,-0.309816
-1.607233,-0.034314,-1.146316
-3.977733,0.255286,-1.554616
-5.290833,-0.210614,-1.542316
-5.547133,-1.528114,-1.193316
-4.507633,-2.407914,-0.889416
0.348667,0.648386,-0.359716
-0.032433,1.543686,-1.341016
-1.182833,1.106786,-1.790916
-2.169633,-3.961014,-1.592116
-4.943333,-4.013014,-0.399016
1.527767,0.863386,0.489784
1.874067,0.076486,1.362084
2.156467,2.037386,0.205884
-0.926233,-1.387114,1.602384
-3.827633,1.310986,-1.774916
-6.120233,0.451486,-1.775816
-6.824833,-1.934114,-1.152316
-1.750133,1.583286,-2.579716
3.325367,2.462586,0.948584
0.069767,-3.623114,0.224884
0.825867,-2.362214,0.613284
0.436467,-4.124714,-0.674216
-0.084033,-4.345514,1.030984
2.991367,2.694586,2.426284
4.488067,1.479986,0.771384
3.719767,3.807586,0.319284
1.564067,-2.062214,-0.139716
1.323067,-2.421314,1.586684
2.104667,3.330086,2.529184
2.767767,1.758486,2.946784
3.825167,3.171486,2.952984
4.653267,1.260986,-0.289516
5.416167,1.880986,1.192984
4.293267,0.522386,1.263184
3.936967,3.689286,-0.748616
2.895267,4.526986,0.388684
4.600067,4.242086,0.804684
-2.96577,-0.441025,-1.252507
-3.21577,-1.806625,-1.036807
-2.12387,-2.805825,-1.060307
-1.01437,-2.598125,-0.278907
-0.72057,-1.444925,0.564593
-0.63227,-0.240425,-0.316807
-1.66217,0.112475,-1.184307
-4.03977,0.439075,-1.491307
-5.35287,-0.025325,-1.464207
-5.60707,-1.365925,-1.195407
-4.54907,-2.257525,-0.987807
-0.06407,-3.678725,-0.078807
0.52683,-3.381625,1.282493
0.58063,-1.861125,1.268093
0.29243,0.801775,-0.438607
-0.06997,1.643975,-1.473907
-1.23127,1.210775,-1.887807
-2.22777,-3.781525,-1.798207
-4.98797,-3.890625,-0.609507
1.47293,1.096075,0.378593
1.84333,0.388475,1.307993
2.07583,2.288975,-0.027007
-1.53327,-1.334525,1.292493
-3.88697,1.505675,-1.649807
-6.17887,0.663475,-1.628607
-6.63557,-1.716325,-1.153207
0.69083,-3.609625,-0.870107
-0.54317,-4.661125,-0.124107
1.50593,-3.844725,1.430293
-0.14637,-3.725225,2.076893
0.65943,-1.448925,2.278393
1.46983,-1.569025,0.697093
-1.80267,1.651975,-2.694407
3.23843,2.851175,0.543793
4.18553,2.134475,1.269193
4.08243,1.072075,1.459493
5.31183,2.796875,1.762793
6.05243,2.245875,2.336893
5.49263,4.159275,1.516793
6.37363,4.667175,1.899393
4.54713,4.866075,0.774893
4.68833,5.923975,0.574193
3.41873,4.211375,0.285593
2.68243,4.757775,-0.297507
-2.873322,-0.471328,-1.29875
-3.143622,-1.824228,-1.03815
-2.072822,-2.845128,-1.06045
-0.933922,-2.635028,-0.32325
-0.613522,-1.483728,0.51565
-0.538322,-0.271028,-0.35705
-1.563722,0.072172,-1.23585
-3.938022,0.414372,-1.56475
-5.258122,-0.028528,-1.51995
-5.530922,-1.352328,-1.19595
-4.484222,-2.250128,-0.95915
0.011278,-3.724128,-0.14295
0.643278,-3.429228,1.19985
0.702778,-1.909428,1.18475
0.358778,0.801572,-0.44425
0.004778,1.631772,-1.49395
-1.129122,1.165472,-1.94405
-2.223422,-3.841328,-1.76345
-4.943022,-3.857128,-0.50165
1.502378,1.135372,0.41635
1.864278,0.442572,1.35865
2.076378,2.318372,0.05955
3.209578,2.855272,0.78405
2.859578,3.140572,2.24855
3.521078,4.188572,0.08715
4.429578,1.937172,0.65655
-1.407522,-1.373428,1.26465
-3.771422,1.472872,-1.75795
-6.075122,0.664772,-1.70915
-6.564922,-1.685328,-1.13475
0.744678,-3.665228,-0.95505
-0.477322,-4.703028,-0.16925
1.624478,-3.896328,1.32005
-0.008022,-3.769428,2.01385
0.805878,-1.505828,2.19615
1.578278,-1.615428,0.59285
-1.682522,1.584572,-2.77445
3.656178,3.705172,2.74515
2.709278,2.220472,2.82115
1.928278,3.713072,2.32225
4.374378,4.698472,0.54635
2.654878,4.859572,0.12585
3.741778,4.031272,-0.97515
5.327778,2.407972,1.07045
4.619578,1.686372,-0.39315
4.283778,0.988872,1.18265
-2.50218,2.067717,0.1386
-2.74918,0.718317,0.3639
-1.65818,-0.135683,0.5077
-0.33488,0.352717,0.4832
-0.08488,1.732317,0.3447
-1.19438,2.569817,0.137
0.76242,-0.663683,0.5383
1.80672,-0.571183,1.2984
1.92622,0.641717,2.1081
2.26532,1.806517,1.1855
1.22652,2.311117,0.3987
0.66502,-1.873283,-0.3422
3.40382,2.291717,1.1848
0.16942,-1.778683,-1.6491
0.10352,-2.917883,-2.4547
0.53862,-4.148683,-1.9638
1.04612,-4.244483,-0.6684
1.11482,-3.108783,0.1408
-4.03628,0.219917,0.3185
1.47362,3.549117,-0.3369
-3.32968,2.757617,-0.0207
-1.84018,-1.201683,0.6361
-1.07938,3.643817,0.0058
2.75662,0.510417,2.8107
1.03712,0.849117,2.7138
-0.15798,-0.826183,-2.0598
-0.28378,-2.843783,-3.4695
0.48672,-5.034783,-2.5945
1.39052,-5.204683,-0.2882
1.51372,-3.195383,1.1496
-4.23168,-0.734483,0.6112
-4.83318,0.852317,0.343
2.54322,3.697317,-0.5133
1.10852,4.394417,0.2547
0.97722,3.517317,-1.312
-1.852631,2.308086,0.042163
-2.097831,0.943586,0.205763
-1.015231,0.077686,0.415463
0.303969,0.566586,0.477263
0.534369,1.948586,0.381963
-0.546531,2.801986,0.123663
1.422169,-0.431614,0.508463
2.512969,-0.323314,1.194563
2.676869,0.852086,2.047763
2.880969,2.091986,1.192063
1.790169,2.566786,0.511463
1.293569,-1.640214,-0.355137
3.956769,2.698586,1.157063
0.771869,-1.526514,-1.650137
0.665469,-2.662614,-2.456137
1.081369,-3.906014,-1.975537
1.606769,-4.017714,-0.687737
1.713869,-2.885414,0.115963
2.199369,-3.025214,1.358963
-3.478431,0.371386,0.144563
-3.651331,-0.841114,0.290763
-4.642231,1.298086,-0.095337
-2.657231,3.016686,-0.138437
-1.204531,-0.989514,0.517763
-0.390931,3.874986,0.015863
3.571969,0.712986,2.663663
1.836969,0.988086,2.738963
1.898069,3.505786,0.137663
0.457069,-0.562814,-2.044537
0.260569,-2.577714,-3.463537
0.996469,-4.789214,-2.606837
1.929669,-4.982914,-0.307137
-5.568831,0.715486,-0.103937
-4.542131,1.788486,-1.067037
-4.713431,2.033986,0.709663
-2.483271,2.066874,0.137154
-2.703371,0.702274,0.317854
-1.620571,-0.164326,0.493454
-0.303071,0.339274,0.492154
-0.061771,1.725474,0.358854
-1.175071,2.565874,0.156054
0.802929,-0.668926,0.556254
1.854129,-0.564126,1.302454
1.967329,0.646974,2.114954
2.292929,1.815674,1.194554
1.246829,2.312274,0.412254
0.700329,-1.874326,-0.315946
3.427329,2.310474,1.190654
1.078829,-3.130926,0.174554
0.969529,-4.257626,-0.644446
0.480729,-4.134826,-1.946346
0.098129,-2.884726,-2.433446
0.206129,-1.761226,-1.617246
-4.074071,0.174274,0.313754
-4.236471,-1.046726,0.497854
-5.013771,0.970074,0.127154
-0.144671,-0.568826,-2.122646
1.485929,3.551374,-0.325346
-3.308171,2.761774,-0.005946
-1.794671,-1.229926,0.625854
-1.058271,3.642674,0.046154
2.800829,0.520574,2.814754
1.078329,0.846074,2.723654
1.446629,-3.249426,1.191454
1.262629,-5.235426,-0.264746
0.397329,-5.015126,-2.581646
-0.280271,-2.781726,-3.446946
2.553729,3.700074,-0.512046
1.126329,4.395974,0.270654
0.980629,3.520174,-1.295746
-2.615177,2.518663,0.00272
-2.907077,1.203663,0.35152
-1.872977,0.301563,0.62002
-0.528777,0.715263,0.53922
-0.245677,2.074463,0.30112
-1.291177,2.952163,-0.01798
0.587223,-0.286837,0.56022
1.665323,-0.181637,1.27062
1.835223,1.029563,2.07242
2.091623,2.209163,1.14162
1.036023,2.652063,0.38362
0.503123,-1.472837,-0.35538
3.180523,2.791863,1.10222
0.018223,-1.343437,-1.66368
-0.035477,-2.459837,-2.50108
0.402423,-3.701937,-2.04148
0.901823,-3.831537,-0.74608
0.958523,-2.718737,0.09522
-2.342677,-1.292437,1.10972
-3.420677,3.216163,-0.22038
-3.946877,0.886763,0.40602
-1.089177,3.999063,-0.24188
2.714223,0.903763,2.71382
0.984123,1.225263,2.73412
1.182623,3.553163,-0.06348
-0.309277,-0.382137,-2.05278
-0.414977,-2.359537,-3.51658
0.359823,-4.570137,-2.69718
1.248923,-4.800137,-0.39058
1.350223,-2.831437,1.10432
-2.761476,2.058061,0.147436
-2.975476,0.698661,0.323536
-1.896776,-0.160839,0.500536
-0.580776,0.342761,0.504636
-0.342276,1.728861,0.375336
-1.457976,2.564761,0.171236
0.524624,-0.664239,0.566036
1.576624,-0.561639,1.311836
1.689624,0.648261,2.127136
2.012524,1.820361,1.210036
0.964724,2.318761,0.431736
0.420224,-1.868139,-0.300264
3.146524,2.315661,1.205736
-4.736276,0.012161,0.308836
-0.087776,-1.766339,-1.596064
-0.180276,-2.889739,-2.415464
0.243824,-4.131339,-1.940364
0.759924,-4.241539,-0.648164
0.848924,-3.111339,0.163436
1.326024,-3.255639,1.409236
-0.482576,-0.581239,-2.086164
1.200424,3.561261,-0.301364
-3.595976,2.741261,0.003236
-2.082176,-1.224939,0.630836
-1.346576,3.642061,0.063536
2.524224,0.520761,2.825436
0.801224,0.844261,2.737736
-0.578076,-2.792839,-3.422364
0.173524,-5.011939,-2.576464
1.090424,-5.205139,-0.269064
2.268024,3.715761,-0.484464
0.835124,4.402361,0.296136
0.697924,3.530861,-1.273464
-2.612057,2.44644,0.04191
-2.850057,1.08604,0.20021
-1.777257,0.21724,0.40871
-0.459957,0.70724,0.47361
-0.233057,2.09294,0.38151
-1.314257,2.94974,0.12451
0.659343,-0.28956,0.50191
1.750043,-0.18226,1.18851
1.912943,0.99214,2.04391
2.116243,2.23334,1.19041
1.024643,2.71034,0.51221
0.530843,-1.49696,-0.35599
3.192543,2.83894,1.15411
0.013143,-1.39636,-1.64769
-0.098657,-2.52386,-2.45909
0.315543,-3.76726,-1.97939
0.841443,-3.87546,-0.69089
0.949843,-2.74136,0.11261
1.437443,-2.88076,1.35491
-3.929857,3.51694,-0.24209
-0.373757,-0.20976,-2.14009
-3.861057,0.68874,0.14591
-1.988257,-0.84626,0.50531
-1.152057,4.02084,0.02101
2.808143,0.85264,2.65971
1.072943,1.12634,2.73521
1.134243,3.65004,0.14031
-0.504057,-2.42896,-3.46309
0.230243,-4.65086,-2.60959
1.164743,-4.84026,-0.30859
-2.743521,2.060242,0.153194
-2.959821,0.700642,0.330194
-1.879421,-0.158358,0.506594
-0.562621,0.344742,0.509694
-0.323721,1.730142,0.379394
-1.439221,2.565842,0.175694
0.542179,-0.663358,0.573494
1.594679,-0.559158,1.318294
1.707079,0.650842,2.132594
2.030379,1.822342,1.214894
0.983279,2.320342,0.435594
0.436979,-1.869158,-0.297306
3.164079,2.318442,1.211694
-4.895621,-0.052658,0.315994
0.814379,-3.126058,0.193494
0.703579,-4.252858,-0.625006
0.214779,-4.129758,-1.927006
-0.166121,-2.879358,-2.414506
-0.056821,-1.755658,-1.598706
-0.405821,-0.562958,-2.104406
1.218679,3.563042,-0.296806
-3.574021,2.748642,0.008894
-2.057921,-1.223958,0.635794
-1.327421,3.643042,0.067394
2.541479,0.523942,2.831294
0.818579,0.847342,2.742794
1.183579,-3.243758,1.209994
0.996079,-5.230758,-0.245206
0.130379,-5.010158,-2.562006
-0.544221,-2.776158,-3.428006
2.286379,3.717442,-0.480306
0.853779,4.403942,0.301094
0.715979,3.533142,-1.268806
-2.774561,2.1123,0.111997
-3.056661,0.7987,0.474897
-2.009761,-0.097,0.729397
-0.668661,0.3387,0.599397
-0.376261,1.6963,0.329097
-1.452461,2.556,0.049397
0.446239,-0.661,0.651897
1.476739,-0.5563,1.430097
1.585339,0.6822,2.202797
1.954839,1.8007,1.231297
0.952139,2.2425,0.359397
0.409939,-1.8336,-0.283903
3.087739,2.2987,1.254597
-0.052761,-1.6965,-1.599603
-0.064861,-2.8017,-2.453903
0.391539,-4.0404,-2.004003
0.868139,-4.1778,-0.701003
0.883139,-3.0765,0.157097
1.249539,3.4069,-0.472003
-2.380761,-1.7094,1.274497
-4.724761,0.3488,0.586697
-3.579661,2.8154,-0.093303
-1.295961,3.609,-0.177603
2.401139,0.5725,2.925797
0.685239,0.9225,2.779097
-0.393961,-0.7386,-1.984603
-0.426561,-2.6948,-3.475303
0.381239,-4.8995,-2.672803
1.229339,-5.1436,-0.352203
1.256439,-3.1971,1.172197
2.325139,3.4945,-0.652903
0.918339,4.3111,0.048197
0.755439,3.317,-1.444703
-0.575622,1.829425,0.265806
-0.687222,0.429225,0.404906
0.503678,-0.496475,0.475706
1.608678,-0.322575,1.125606
1.834178,0.862125,1.956006
1.811378,2.088225,1.122106
0.708378,2.507125,0.349706
-1.740222,2.600025,0.094706
-2.999922,2.001025,0.081906
-3.113622,0.625325,0.244106
-1.967622,-0.156175,0.402106
2.826678,2.955025,0.997006
2.290278,3.869325,0.153806
1.017078,3.663525,-0.259594
0.420078,-1.745675,-0.337294
0.929278,-2.926575,0.221906
0.859578,-4.121475,-0.494894
0.281978,-4.140875,-1.764094
-0.226922,-2.965375,-2.321794
-0.162022,-1.763375,-1.611194
-0.764322,-0.336475,-2.377894
2.809778,0.757325,2.443806
1.087878,0.918225,2.757406
-1.674622,3.682425,-0.013594
-3.892222,2.611825,-0.044794
-4.096122,0.155825,0.242606
-2.096722,-1.229975,0.524406
2.822478,4.684425,-0.153694
1.372178,-2.925475,1.215906
1.253478,-5.039575,-0.062094
0.228678,-5.073975,-2.322794
-0.668522,-2.996375,-3.315794
-2.76041,-0.813695,-1.161129
-3.01701,-2.168695,-0.882929
-1.94051,-3.179695,-0.805929
-0.93361,-2.970795,0.083871
-0.39401,-1.779895,0.701871
-0.43391,-0.593595,-0.224129
-1.46471,-0.239095,-1.071329
-3.83471,0.042305,-1.482429
-5.14691,-0.427095,-1.478429
-5.40571,-1.750895,-1.146029
-4.35141,-2.622195,-0.854529
0.48519,0.448605,-0.277829
0.11069,1.336405,-1.269429
-1.03841,0.897805,-1.720629
-1.98751,-4.167695,-1.532529
-4.79531,-4.234595,-0.399829
1.66109,0.672205,0.571571
2.00879,-0.103295,1.455371
2.29389,1.841505,0.273171
-0.85411,-1.582195,1.676271
-3.68681,1.100705,-1.690329
-5.97041,0.245705,-1.709429
-6.43441,-2.104095,-1.117729
-1.60281,1.368005,-2.515529
3.99329,3.476505,0.618071
0.23479,-3.801395,0.296571
0.94619,-2.545095,0.773671
0.64319,-4.247295,-0.613929
0.07179,-4.567795,1.058871
4.22649,3.457905,-0.440929
3.52169,4.778005,1.214471
4.90639,4.273205,1.513371
1.73379,-2.218295,0.085271
1.37369,-2.627395,1.778471
3.42059,5.630305,0.552371
2.79089,4.752005,2.015671
5.10519,3.910505,2.515371
5.74209,4.788205,1.054171
3.42689,2.172205,1.081171
3.18489,2.168705,2.150771
4.17119,1.384005,0.924571
-2.280518,-0.182666,-1.303136
-2.570418,-1.526866,-1.013836
-1.505418,-2.556966,-1.065436
-0.356118,-2.360866,-0.340136
-0.019518,-1.213866,0.498564
0.062882,-0.004266,-0.377636
-0.961318,0.341134,-1.257536
-3.332318,0.717634,-1.562236
-4.658018,0.302034,-1.469936
-4.949018,-1.008566,-1.106736
-3.918918,-1.936066,-0.887236
0.589482,-3.451566,-0.182736
1.234482,-3.170966,1.156664
1.298282,-1.650866,1.157764
0.963582,1.064834,-0.465736
0.620482,1.886634,-1.525936
-0.515518,1.424134,-1.975136
-1.666018,-3.538366,-1.787836
2.094682,1.408034,0.407964
2.445982,0.722534,1.359664
2.663182,2.595934,0.056564
-0.806918,-1.094866,1.252664
-3.150318,1.769134,-1.777836
-5.465918,1.010034,-1.641836
-5.991218,-1.302766,-0.992636
-4.424318,-3.568766,-0.328836
1.314982,-3.384866,-1.000936
0.099982,-4.429566,-0.216536
2.215682,-3.641266,1.263764
0.590082,-3.519566,1.972864
1.405882,-1.258866,2.173164
2.172882,-1.349766,0.568864
-1.066418,1.842134,-2.807636
3.740582,3.178534,0.830964
4.984782,2.284734,0.818364
4.071782,4.492534,0.107264
3.283882,3.506534,2.256564
5.845082,2.794134,1.266064
4.827582,1.356634,1.375964
5.244782,1.995234,-0.205936
-6.231518,-3.458566,-0.229836
3.189982,5.142334,0.056264
4.877682,5.041134,0.606364
4.373682,4.300834,-0.929336
2.341182,4.065234,2.244064
3.104382,2.602334,2.846064
4.034382,4.101234,2.788664
-6.633718,-4.436166,0.047964
-6.529218,-2.732366,0.531464
-6.659618,-3.166366,-1.191936
-0.583381,1.840775,0.276513
-0.710881,0.443175,0.421613
0.469519,-0.498225,0.471513
1.559019,-0.344825,1.155112
1.787319,0.840075,1.986612
1.798419,2.062875,1.144813
0.710819,2.497075,0.357913
-1.740081,2.625875,0.124813
-3.007381,2.042475,0.147313
-3.136181,0.669975,0.330313
-1.997381,-0.125525,0.467612
2.831319,2.908575,1.021213
2.319519,3.826875,0.166113
1.045319,3.643175,-0.256387
0.392819,-1.741825,-0.367287
-0.098381,-1.697925,-1.678488
-0.147081,-2.865325,-2.443588
0.300619,-4.072825,-1.907587
0.803919,-4.117225,-0.607687
0.855819,-2.953125,0.161613
2.753219,0.723175,2.490712
1.028319,0.910575,2.774812
-1.662081,3.706775,0.010613
-3.894481,2.663875,0.036913
-4.124681,0.214475,0.360813
-2.129681,-1.197625,0.606313
2.870119,4.628875,-0.143187
-0.435281,-0.763625,-2.121888
-0.530881,-2.831825,-3.461888
0.262019,-4.981125,-2.506887
1.158319,-5.059325,-0.192787
1.251419,-2.998325,1.174413
-2.184527,2.454003,0.041218
-2.444327,1.091903,0.225918
-1.359227,0.223403,0.425418
-0.035527,0.704603,0.464218
0.201173,2.085203,0.362818
-0.876527,2.943403,0.107018
1.079273,-0.298497,0.486818
2.161873,-0.199397,1.188818
2.326673,0.978903,2.038318
2.545173,2.213903,1.177318
1.461473,2.695103,0.489218
0.956673,-1.511497,-0.385682
3.626473,2.810903,1.144018
0.444973,-1.415597,-1.686182
0.347673,-2.558697,-2.482282
0.768273,-3.793597,-1.988082
1.292973,-3.889497,-0.699282
1.392873,-2.749897,0.100918
-3.851027,0.552203,0.153318
-4.090927,-0.452297,1.050118
-4.151027,0.026803,-1.072682
-4.816627,1.489403,0.396218
-3.002027,3.151203,-0.142482
-1.555727,-0.843597,0.533318
-0.716127,4.014603,-0.010282
3.217273,0.837203,2.660418
1.483773,1.123103,2.723718
1.576673,3.631703,0.111818
0.130273,-0.458997,-2.097582
-0.052127,-2.485197,-3.492382
0.691973,-4.683097,-2.611582
1.626073,-4.852997,-0.317382
1.804173,-2.834697,1.104918
-2.828098,-0.822083,-1.304772
-3.099098,-2.175183,-1.048072
-2.028198,-3.195483,-1.070272
-0.891898,-2.986183,-0.328972
-0.571098,-1.834083,0.508528
-0.491598,-0.622683,-0.365472
-1.517798,-0.279483,-1.244072
-3.892998,0.065717,-1.561972
-5.213698,-0.375683,-1.510472
-5.486898,-1.700983,-1.192872
-4.439798,-2.601183,-0.967572
0.047502,-4.078483,-0.140672
0.675602,-3.781483,1.203228
0.741302,-2.261983,1.182828
0.403702,0.451617,-0.450372
0.047002,1.283417,-1.498472
-1.086598,0.817117,-1.948972
-2.176298,-4.190683,-1.774972
-4.898498,-4.211383,-0.522172
1.541502,0.793817,0.413528
1.916202,0.108917,1.358328
2.104102,1.990917,0.073428
3.172102,2.422417,0.924428
3.536902,3.869317,0.568428
-1.366998,-1.720183,1.254828
-3.725798,1.124417,-1.753072
-6.030198,0.320417,-1.689272
-6.520798,-2.033383,-1.126772
0.784302,-4.026983,-0.949872
-0.445798,-5.054883,-0.165472
1.654502,-4.251983,1.327828
0.020802,-4.116883,2.016528
0.843002,-1.855483,2.193128
1.619402,-1.972683,0.593028
-1.643198,1.241717,-2.774772
4.769202,4.316917,1.351628
2.363502,4.816117,0.835028
3.762902,3.920417,-0.504372
2.866302,2.359417,1.976028
4.034902,1.765917,0.761228
4.588002,4.284017,2.431228
5.625802,3.671017,1.131728
5.047802,5.341917,1.085328
2.633402,5.848917,0.589828
1.493902,4.548217,0.226028
2.061702,4.786817,1.887628
-0.436511,1.47148,0.458114
-0.653311,0.08438,0.599514
0.456989,-0.92862,0.655114
1.517289,-0.83542,1.391814
1.693089,0.35068,2.226414
1.874789,1.54558,1.368414
0.866289,2.02588,0.557014
-1.537811,2.32648,0.288914
-2.838311,1.81488,0.279214
-3.049411,0.45168,0.449814
-1.969711,-0.41192,0.613714
0.346989,-2.14442,-0.216286
2.930289,2.33138,1.297414
2.640989,3.33968,0.423114
1.414189,3.15598,-0.033886
0.789389,-3.37922,0.274114
0.703389,-4.52072,-0.525186
0.185889,-4.43072,-1.817086
-0.241411,-3.19982,-2.315086
-0.158211,-2.05472,-1.519786
-4.653511,-0.17172,0.456514
0.784789,3.97558,-1.099286
2.591389,0.20648,2.837314
0.861689,0.47548,2.930414
-1.427911,3.40558,0.223114
-3.679811,2.49428,0.160614
-2.158111,-1.47542,0.744414
1.195189,-3.46082,1.280614
1.041689,-5.48112,-0.139786
0.120389,-5.32152,-2.439886
-0.636111,-3.13072,-3.327486
-0.479211,-1.10242,-1.935886
1.559589,4.46478,-1.699386
0.160989,4.76198,-0.665286
0.184089,3.36708,-1.781386
-0.529453,1.840663,0.286881
-0.663653,0.441863,0.424781
0.512847,-0.503637,0.482181
1.610647,-0.351837,1.149881
1.851147,0.827163,1.985381
1.856947,2.054762,1.151981
0.766247,2.494762,0.373581
-1.681853,2.630063,0.123981
-2.951753,2.049962,0.122081
-3.080853,0.676163,0.290381
-1.951353,-0.127037,0.441681
2.889447,2.901362,1.030481
2.374347,3.826062,0.184581
1.098747,3.644662,-0.234419
0.417847,-1.742037,-0.347719
0.884647,-2.962938,0.155681
0.784047,-4.117637,-0.624219
0.216547,-4.056938,-1.898819
-0.253753,-2.841638,-2.397619
-0.154353,-1.690437,-1.620419
-4.646353,-0.039737,0.303681
-0.590553,-0.530437,-2.134519
2.821147,0.704263,2.479781
1.099747,0.895463,2.781081
-1.600053,3.711263,0.015881
-3.829853,2.680162,0.001081
-2.083153,-1.198937,0.570881
2.923447,4.630562,-0.120819
1.316347,-3.030537,1.151881
1.145947,-5.068537,-0.235919
0.140347,-4.959238,-2.503619
-0.693453,-2.787638,-3.389719
-2.308987,2.4514,0.035975
-2.542687,1.0843,0.202175
-1.472987,0.2043,0.412675
-0.154887,0.6966,0.471375
0.076513,2.0816,0.373675
-1.002487,2.941,0.115575
0.965713,-0.3003,0.501875
2.055813,-0.1906,1.188475
2.219013,0.9853,2.040775
2.424113,2.2236,1.183175
1.333613,2.6977,0.501475
0.839313,-1.5089,-0.362525
3.500313,2.8293,1.146975
1.261913,-2.7582,0.109575
1.130113,-3.8868,-0.703025
0.575113,-3.7723,-1.979325
0.148313,-2.5288,-2.446825
0.278713,-1.4034,-1.636825
-3.915487,0.5652,0.135075
-4.093187,-0.6561,0.302075
-4.841687,1.3684,-0.084925
-0.116587,-0.2162,-2.121225
-3.123088,3.1503,-0.143425
-1.660787,-0.862,0.516475
-0.842787,4.0133,0.007475
3.113713,0.8469,2.657575
1.378713,1.1224,2.730975
1.442913,3.636,0.126075
1.682113,-2.8675,1.107075
1.457413,-4.8595,-0.338725
0.474313,-4.6542,-2.609725
-0.282087,-2.4328,-3.440025
-2.985872,-0.417356,-1.194879
-3.253072,-1.799556,-1.103679
-2.235572,-2.876256,-0.952579
-1.147172,-2.643956,-0.180179
-0.716172,-1.548556,0.655921
-0.696472,-0.273256,-0.127979
-1.707072,0.161444,-0.965479
-4.043372,0.456544,-1.531779
-5.337072,-0.024856,-1.748579
-5.589472,-1.379056,-1.637279
-4.567272,-2.263756,-1.326279
0.265828,0.729444,-0.117679
-0.079772,1.704344,-1.038579
-1.248772,1.342844,-1.510079
-0.053472,-3.530456,0.155221
0.612728,-2.316856,0.797121
-2.407272,-3.958956,-1.521679
1.508228,0.850544,0.656321
1.843528,0.005244,1.479421
2.241928,1.956644,0.331821
3.497128,2.226444,1.014721
3.248428,2.541844,2.491921
4.065828,3.488044,0.343221
4.522028,1.101544,0.827521
-6.827372,-1.844856,-1.847879
-1.297072,-1.481556,1.581821
-3.899372,1.533144,-1.595479
-6.139072,0.663044,-1.995379
-4.800272,-3.327256,-1.277579
-1.802572,1.884744,-2.267079
0.466728,-3.935056,-0.717779
-0.349072,-4.330956,0.838521
0.939628,-2.478156,1.828521
1.458628,-1.940156,0.212821
4.158528,2.909344,2.976521
2.909628,1.659544,3.040821
2.461228,3.298144,2.598821
5.055328,3.737444,0.740721
3.405028,4.350444,0.495621
4.158528,3.344544,-0.739179
5.488028,1.366544,1.269021
4.674728,0.888744,-0.238279
4.201028,0.170244,1.298921
-3.077624,1.608406,0.456148
-3.072824,0.222706,0.536748
-1.860824,-0.453294,0.592348
-0.641324,0.250206,0.542748
-0.619524,1.663706,0.457148
-1.872724,2.326106,0.428048
0.603576,-0.583194,0.560448
1.638576,-0.340394,1.299548
1.597376,0.875106,2.117748
1.739876,2.064106,1.176848
0.625776,2.382906,0.397448
0.661876,-1.772494,-0.336952
2.797276,2.704306,1.123148
1.223076,-2.971494,0.121848
1.262476,-4.086694,-0.718852
0.741276,-4.010194,-2.011652
0.177876,-2.818294,-2.467752
0.137476,-1.706394,-1.629652
-0.386724,-0.567094,-2.106652
-2.050924,4.051406,0.509448
0.772076,3.484406,-0.545652
-4.032424,2.131706,0.443448
-4.010824,-0.327894,0.572848
-1.879724,-1.538794,0.678048
2.456376,0.869606,2.797548
0.701476,0.950006,2.743248
1.620776,-3.055194,1.130948
1.697776,-5.019694,-0.363352
0.773976,-4.881394,-2.664152
-0.226624,-2.750994,-3.474052
1.764976,3.439906,-1.007152
0.702376,4.434206,-0.007652
0.035776,3.424706,-1.352252
-2.619517,2.488927,0.082017
-2.849917,1.129227,0.257717
-1.783717,0.253827,0.450317
-0.464317,0.740227,0.477217
-0.232317,2.123527,0.376417
-1.314317,2.982327,0.135717
0.652283,-0.259973,0.491317
1.740083,-0.158073,1.184617
1.909783,1.020527,2.032717
2.118983,2.255527,1.169617
1.027983,2.735327,0.491817
0.526183,-1.473573,-0.379383
3.199083,2.853827,1.126117
-4.458917,0.520627,0.209917
0.013183,-1.378073,-1.679383
-0.085417,-2.521773,-2.474583
0.334483,-3.756673,-1.979683
0.860083,-3.852073,-0.691283
0.961783,-2.711873,0.107917
-3.446517,3.175727,-0.083783
-1.983217,-0.809773,0.559517
-1.158117,4.054427,0.023617
2.805683,0.880527,2.647517
1.072083,1.163127,2.724917
1.138483,3.672627,0.114417
-0.301317,-0.421573,-2.090983
-0.486117,-2.448573,-3.484283
0.256883,-4.646473,-2.602483
1.192683,-4.815573,-0.309083
1.373983,-2.796273,1.111517
-2.61339,2.45566,0.03183
-2.82949,1.09216,0.18923
-1.75639,0.22826,0.39693
-0.44339,0.72916,0.46473
-0.22599,2.11596,0.36623
-1.31549,2.96296,0.11273
0.68351,-0.25804,0.49373
1.79241,-0.13504,1.14613
1.96191,1.04196,1.99503
2.13441,2.28356,1.13753
1.02541,2.74696,0.47973
0.54311,-1.47714,-0.35117
3.20181,2.90336,1.08243
-4.42929,0.46346,0.10103
1.00531,-2.69334,0.17153
0.88521,-3.86274,-0.57987
0.30421,-3.82114,-1.84697
-0.15739,-2.60994,-2.36837
-0.04139,-1.43304,-1.62307
-0.58349,0.04006,-2.34557
-3.44509,3.13376,-0.14537
-1.95219,-0.83684,0.49203
-1.17009,4.03716,0.00563
2.87071,0.91216,2.59273
1.13501,1.16906,2.70333
1.11751,3.68706,0.10453
1.45041,-2.73904,1.16343
1.24231,-4.80854,-0.17577
0.21141,-4.73444,-2.43277
-0.60159,-2.59344,-3.36157
-2.778027,2.0403,0.104379
-2.992527,0.6805,0.274379
-1.905027,-0.1681,0.461779
-0.590327,0.3384,0.488779
-0.358727,1.7251,0.356079
-1.478327,2.554,0.141379
0.518073,-0.6634,0.570979
1.579973,-0.548,1.300179
1.686273,0.6652,2.109479
1.997673,1.8354,1.188379
0.944873,2.3251,0.412379
0.410573,-1.8788,-0.283121
3.128073,2.3395,1.180379
0.815973,-3.1032,0.267879
0.720573,-4.2721,-0.488021
0.220873,-4.2226,-1.788921
-0.183427,-3.0038,-2.339021
-0.091927,-1.8273,-1.589421
-0.559227,-0.3474,-2.349821
1.171273,3.5674,-0.324021
-3.622327,2.7109,-0.047521
-4.003627,0.2782,0.253279
-2.100127,-1.232,0.583379
-1.372627,3.6317,0.033179
2.523073,0.5464,2.806779
0.797973,0.8573,2.721479
1.197373,-3.1565,1.285679
1.033573,-5.2235,-0.061021
0.147373,-5.1353,-2.378121
-0.564027,-2.9812,-3.358321
2.237673,3.7306,-0.506421
0.798273,4.4072,0.270479
0.670773,3.53,-1.296921
-2.581903,2.481483,-0.03061
-2.874203,1.167083,0.33059
-1.837003,0.268283,0.62809
-0.493403,0.701683,0.55419
-0.215003,2.060483,0.30099
-1.261203,2.925583,-0.03971
0.636897,-0.288117,0.57899
1.720397,-0.164217,1.27529
1.880897,1.047083,2.07799
2.121197,2.227283,1.14559
1.060897,2.650283,0.38299
0.558997,-1.468117,-0.33551
3.201097,2.826583,1.10659
1.026997,-2.720017,0.08729
0.937497,-3.821617,-0.76771
0.377797,-3.681017,-2.03861
-0.097203,-2.438517,-2.45801
-0.009203,-1.339917,-1.60611
-2.231303,-1.343917,1.15469
-4.545603,0.714783,0.37659
-0.451503,-0.153617,-2.05061
-3.379203,3.180083,-0.27651
-1.065503,3.970983,-0.27571
2.763097,0.930183,2.71649
1.029397,1.234683,2.74159
1.199797,3.549283,-0.07101
1.448397,-2.859117,1.08039
1.300997,-4.794417,-0.43961
0.310097,-4.541817,-2.70181
-0.532203,-2.321417,-3.44681
-2.984894,2.467982,-0.225097
-3.218094,1.108482,-0.050197
-2.153594,0.230982,0.143203
-0.834094,0.715482,0.171303
-0.599194,2.098182,0.071003
-1.678794,2.959082,-0.170597
0.281806,-0.284218,0.188103
1.365306,-0.184418,0.887803
1.534806,1.003882,1.749603
1.758806,2.224182,0.862303
0.663506,2.705082,0.183903
0.160706,-1.495918,-0.686097
2.838306,2.818482,0.774103
0.598706,-2.734218,-0.200897
0.502406,-3.872718,-1.003097
-0.020494,-3.775718,-2.292497
-0.442694,-2.540818,-2.785297
-0.348994,-1.398718,-1.987097
-4.828294,0.503082,-0.099897
2.712406,0.767082,2.689303
3.017706,1.413082,3.685203
3.475006,-0.286318,2.302303
-3.810494,3.156182,-0.391697
-2.354894,-0.832418,0.251703
-1.520394,4.030782,-0.283097
0.653006,1.140282,2.388803
0.779106,3.636782,-0.206197
1.009206,-2.820018,0.803303
0.837106,-4.836118,-0.622297
-0.093994,-4.664418,-2.917597
-0.840994,-2.466418,-3.795697
-0.664994,-0.442418,-2.397797
4.207006,-0.344218,2.963203
-2.918535,-0.600112,-1.211974
-3.179535,-1.954112,-0.932774
-2.103035,-2.966812,-0.865574
-1.100135,-2.770812,0.032926
-0.528835,-1.580212,0.625426
-0.580135,-0.392212,-0.297474
-1.619335,-0.030812,-1.131474
-3.991735,0.259988,-1.527474
-5.305935,-0.204512,-1.522874
-5.570435,-1.526412,-1.188974
-4.517735,-2.400412,-0.896974
0.343365,0.646588,-0.356274
-0.039935,1.541588,-1.337774
-1.195235,1.108588,-1.779274
-2.152235,-3.948412,-1.600874
-5.021935,-4.166612,-0.385174
1.529265,0.860188,0.484126
1.880465,0.075888,1.357026
2.160465,2.030688,0.189826
-0.949235,-1.375612,1.616326
-3.842735,1.318488,-1.733374
-6.126135,0.472188,-1.753774
-6.602135,-1.871612,-1.161874
-1.766935,1.584788,-2.565274
3.334365,2.458788,0.923326
0.058665,-3.616412,0.246226
0.808165,-2.355812,0.647526
0.432265,-4.111112,-0.653874
-0.096035,-4.345312,1.046326
3.007565,2.700488,2.401026
4.494565,1.473488,0.745626
3.726965,3.799088,0.283126
1.557465,-2.054612,-0.093874
1.291565,-2.415612,1.627926
2.122565,3.338588,2.504126
2.784365,1.768288,2.928326
3.844565,3.178988,2.921126
4.652465,1.246988,-0.314774
5.425965,1.875388,1.159026
4.300865,0.519288,1.244526
3.937865,3.673588,-0.785374
2.903765,4.519788,0.352526
4.610365,4.235788,0.760726
-2.600823,2.46202,0.074727
-2.823523,1.09962,0.236127
-1.753423,0.22982,0.433727
-0.437423,0.72452,0.483427
-0.213123,2.10992,0.388827
-1.299423,2.96312,0.144427
0.684077,-0.26978,0.500327
1.782877,-0.15868,1.172827
1.953377,1.01592,2.025927
2.143177,2.25782,1.170327
1.042377,2.73132,0.504827
0.547677,-1.47898,-0.361373
3.216777,2.86732,1.122527
-4.427823,0.48052,0.164627
0.977177,-2.72768,0.105927
0.837477,-3.85638,-0.705273
0.267677,-3.74228,-1.974973
-0.165723,-2.49928,-2.437773
-0.027323,-1.37388,-1.629173
-0.428923,-0.18678,-2.108873
-3.430423,3.14462,-0.094873
-1.950523,-0.83518,0.532127
-1.149323,4.03662,0.038527
2.856477,0.87862,2.630627
1.121677,1.14792,2.727527
1.143177,3.67162,0.132127
1.409977,-2.83578,1.098127
1.170277,-4.82858,-0.344973
0.160777,-4.62438,-2.604373
-0.607223,-2.40368,-3.425973
-0.943747,1.525525,0.220675
-1.139547,0.130825,0.299475
-0.010047,-0.861675,0.298475
1.080853,-0.772575,0.987575
1.261653,0.371125,1.867975
1.418353,1.591825,1.047375
0.347453,2.104025,0.338475
-2.050147,2.371625,0.028075
-3.341347,1.843225,-0.035925
-3.535847,0.472325,0.087175
-2.448447,-0.382975,0.251375
2.474953,2.472025,0.842175
2.036353,3.547125,0.079375
0.769953,3.306525,-0.178625
-0.144447,-2.069375,-0.569325
0.293153,-3.292675,-0.040125
0.178953,-4.461675,-0.793125
-0.361647,-4.412575,-2.077025
-0.780947,-3.193575,-2.614825
-0.669947,-2.016775,-1.867525
-5.129547,-0.174575,0.019275
-1.153747,-0.539875,-2.623425
3.857053,2.402425,1.327775
4.311853,1.484825,2.004675
4.645953,3.447225,0.985875
2.134853,0.184025,2.496175
0.424753,0.468625,2.571775
-1.945347,3.453225,-0.033825
-4.188447,2.512925,-0.168825
-2.629247,-1.452575,0.330075
0.125253,3.946925,-0.767725
0.715353,-3.339575,0.962075
0.512253,-5.411375,-0.378125
-0.449747,-5.324575,-2.665425
-1.186547,-3.170475,-3.624425
5.519753,3.240525,1.392375
-0.855507,1.991758,-0.3517
-1.070708,0.600058,-0.2452
0.106592,-0.396442,-0.1367
0.962692,-0.463742,-1.338
1.022093,0.729958,-2.18
1.396492,1.978958,-1.3811
0.398792,2.554558,-0.6337
-1.915307,2.892258,-0.177
-3.216708,2.428258,0.0079
-3.458607,1.061258,0.0357
-2.403507,0.155558,-0.0812
-0.441808,-1.734542,0.048
0.156692,-2.571442,-0.9524
0.468093,-1.618742,-2.0852
-0.804107,-3.678642,-1.3357
-5.064307,0.480358,0.2523
2.512093,2.501858,-1.46
0.923693,-0.182142,1.1623
0.264392,-0.084842,2.4069
0.976592,0.094658,3.5958
2.365393,0.169558,3.5714
3.042492,0.057958,2.3609
2.331093,-0.121642,1.1705
0.086992,0.919058,-2.7228
1.799792,0.591858,-2.9415
0.571993,3.513658,-0.3443
-1.745008,3.966658,-0.2273
-4.031408,3.140158,0.1164
-2.624207,-0.907342,-0.0008
1.073992,-3.000542,-0.5295
1.214492,-2.026342,-2.7737
-0.441608,-1.371442,-2.6475
-0.384408,-4.312843,-2.122
-1.759008,-3.269742,-1.6838
-1.031608,-4.302543,-0.4648
-0.821508,-0.156042,2.4622
0.443492,0.171258,4.5419
2.921092,0.308158,4.497
4.130092,0.107158,2.34
2.900193,-0.215942,0.2467
-0.633209,1.518716,0.490772
-0.721109,0.131816,0.483772
0.413191,-0.802684,0.508572
1.519291,-0.616084,1.145072
1.673291,0.525816,2.040372
1.659091,1.822616,1.321372
0.529691,2.279416,0.663572
-2.132809,2.291316,0.302972
-2.946509,0.814316,0.244972
-2.105609,-0.263684,0.344072
2.604091,2.739916,1.317172
2.111491,3.837716,0.678572
0.872991,3.578416,0.295372
0.275891,-2.035084,-0.303628
0.038191,4.518116,-0.493428
0.767991,-3.236184,0.226172
0.648491,-4.417084,-0.506828
0.039691,-4.400684,-1.761628
-0.450509,-3.203284,-2.289128
-0.335309,-2.015484,-1.562028
-0.920609,-0.559484,-2.284528
-4.806209,0.669716,0.047772
2.635891,0.418816,2.553872
0.912191,0.506716,2.830772
-2.449809,-1.291584,0.308472
0.647491,5.362616,-0.833628
-0.772409,4.929316,0.114372
-0.371309,4.038316,-1.387028
1.237591,-3.260084,1.207472
1.028591,-5.352384,-0.098528
-0.052509,-5.323084,-2.333028
-0.917209,-3.206784,-3.272128
-2.607487,2.465243,0.045803
-2.826187,1.105143,0.201703
-1.767387,0.229543,0.408403
-0.452387,0.720443,0.475203
-0.225287,2.107043,0.385503
-1.307587,2.964243,0.130703
0.666913,-0.275757,0.505903
1.757913,-0.166657,1.191203
1.920813,1.007643,2.046203
2.122613,2.249443,1.193103
1.030113,2.725843,0.516403
0.538313,-1.485157,-0.356197
3.198113,2.856443,1.157103
-4.074887,0.625043,0.131103
0.959613,-2.733957,0.117503
0.825713,-3.863457,-0.693697
0.270213,-3.749557,-1.969797
-0.155187,-2.505957,-2.438697
-0.022887,-1.379957,-1.630097
-0.416787,-0.192457,-2.114897
-3.444887,3.134443,-0.130097
-1.985587,-0.830757,0.498003
-1.153987,4.037643,0.029103
2.816613,0.868643,2.661303
1.081413,1.141143,2.738203
1.136913,3.666343,0.145703
1.381213,-2.841657,1.114703
1.152213,-4.836157,-0.328497
0.167813,-4.632157,-2.599097
-0.585987,-2.410657,-3.431797
-2.58954,2.166634,0.02802
-2.85864,0.848234,0.37372
-1.81724,-0.035366,0.67512
-0.47994,0.421134,0.54232
-0.19634,1.783534,0.27352
-1.27834,2.635234,-0.01038
0.63496,-0.580766,0.58392
1.68976,-0.471566,1.32762
1.80476,0.762134,2.10682
2.15116,1.889434,1.13962
1.13166,2.336934,0.29162
0.55956,-1.755066,-0.33628
3.28326,2.390034,1.14602
0.97876,-3.019966,0.09882
0.87716,-4.120866,-0.75638
0.35506,-3.965866,-2.04138
-0.06794,-2.709466,-2.47488
0.03226,-1.612066,-1.62208
-2.15274,-1.347166,0.99902
-3.89074,3.239334,-0.32418
1.41326,3.508234,-0.53588
-0.36034,-0.413666,-2.08038
-3.89054,0.506034,0.41812
-1.12284,3.688034,-0.23198
2.63276,0.651534,2.81552
0.91356,0.993534,2.70032
1.37436,-3.167166,1.10112
1.20346,-5.103066,-0.41758
0.27806,-4.825466,-2.70518
-0.47204,-2.580466,-3.47528
-1.48684,-1.950666,1.47192
-3.12714,-1.594166,1.15742
2.48646,3.607334,-0.72468
1.07766,4.406734,-0.00858
0.91326,3.418734,-1.50548
-2.933546,-0.641193,-1.326017
-3.203446,-1.994693,-1.066817
-2.132146,-3.015193,-1.090417
-0.994446,-2.804293,-0.351517
-0.676546,-1.652393,0.487183
-0.597146,-0.442293,-0.388517
-1.622546,-0.099093,-1.267017
-3.999146,0.245507,-1.584317
-5.319546,-0.197093,-1.532117
-5.591546,-1.522493,-1.213117
-4.543746,-2.420993,-0.984117
-0.047546,-3.891293,-0.170317
0.576654,-3.598093,1.176283
0.635154,-2.077893,1.165183
0.301354,0.628207,-0.476117
-0.050446,1.457307,-1.527017
-1.187446,0.995007,-1.974317
-2.281546,-4.010793,-1.794117
-5.000646,-4.029093,-0.529817
1.433754,0.966407,0.395983
1.793654,0.274007,1.341083
2.004354,2.161907,0.062983
3.067754,2.631907,0.915583
3.961254,3.529907,0.050483
-1.473646,-1.539593,1.231783
-3.832546,1.304907,-1.774817
-6.137346,0.497907,-1.711617
-6.625346,-1.855893,-1.148217
0.689854,-3.829093,-0.978517
-0.533846,-4.870693,-0.202717
1.557054,-4.064993,1.300783
-0.078546,-3.941793,1.985783
0.729454,-1.676993,2.178283
1.515754,-1.779493,0.583883
-1.743446,1.418807,-2.800617
5.191054,4.052607,0.775883
3.378754,4.372907,-0.342217
4.283854,2.960507,-0.830817
2.451154,3.382907,2.092583
3.665354,1.786307,1.277583
4.920554,4.745107,1.578383
5.772054,3.231607,1.207183
5.837554,4.593607,0.077383
1.753554,2.741307,2.641583
3.213054,3.730907,2.795483
1.873154,4.245907,1.743883
-1.466677,0.371081,-0.551645
-1.634877,-1.017519,-0.377345
-0.536477,-2.024619,-0.220845
0.597423,-1.711919,0.510855
0.698223,-0.530419,1.332955
0.823423,0.619081,0.421455
-0.206977,1.005981,-0.407145
-2.580877,1.171781,-0.874345
-3.852177,0.608081,-0.994245
-4.026977,-0.757219,-0.809245
-2.926977,-1.562819,-0.513645
1.841423,1.536081,0.222855
1.431423,2.509581,-0.673445
0.208823,2.170581,-1.014045
-0.686277,-3.119319,-0.763745
-3.076577,-2.637819,-0.411445
3.163423,1.558381,0.848455
3.566523,0.730381,1.656955
3.933223,2.610681,0.445755
-0.203977,-0.443719,1.949955
-2.498877,2.249281,-0.998545
-4.707677,1.237281,-1.230245
-5.013877,-1.202319,-0.911945
-0.401877,2.711781,-1.724345
3.564123,3.253781,-0.245545
4.874423,2.704881,0.792555
1.683223,-2.673919,0.605755
1.542823,-0.624219,2.020655
2.631123,-2.160019,0.419855
1.686123,-3.098919,1.613855
1.575423,-3.483919,-0.120145
-2.866024,-0.468733,-1.312433
-3.129124,-1.825033,-1.059733
-2.047524,-2.835833,-1.091733
-0.922724,-2.629733,-0.333033
-0.614024,-1.476233,0.506467
-0.531324,-0.268033,-0.371533
-1.557224,0.078567,-1.248533
-3.934824,0.414167,-1.567933
-5.253124,-0.033633,-1.514033
-5.519824,-1.360633,-1.196433
-4.467924,-2.256533,-0.974433
0.019576,-3.717633,-0.137233
0.633176,-3.418133,1.213467
0.692876,-1.898133,1.195167
0.375276,0.794267,-0.467033
0.019576,1.630367,-1.510833
-1.124224,1.176967,-1.949933
-2.179424,-3.820533,-1.813933
-4.971224,-4.026533,-0.478933
1.523976,1.118367,0.388367
1.885476,0.417867,1.325067
2.098976,2.301767,0.035767
3.207076,2.854767,0.786667
2.791276,3.182367,2.224467
3.549376,4.165567,0.063167
4.431976,1.935467,0.739567
-1.417624,-1.363333,1.244267
-3.772224,1.473567,-1.759933
-6.074124,0.658367,-1.690833
-6.554024,-1.692933,-1.128433
0.763776,-3.663733,-0.939533
-0.470124,-4.695833,-0.167233
1.612376,-3.884933,1.349467
-0.029224,-3.756333,2.019167
0.781476,-1.489833,2.205967
1.577276,-1.605933,0.616567
-1.685024,1.609867,-2.768233
3.570076,3.748767,2.745967
2.596576,2.278167,2.809067
1.865576,3.768867,2.236767
4.384176,4.689267,0.540767
2.683376,4.837767,0.044867
3.813176,3.974567,-0.983733
5.315076,2.427367,1.161967
4.656576,1.639367,-0.291233
4.272776,1.011767,1.303867
-1.67004,0.552654,-0.841071
-1.92034,-0.815846,-0.685671
-0.88424,-1.875946,-0.629771
0.29726,-1.646146,0.033529
0.62186,-0.502946,0.883329
0.69196,0.724554,0.040029
-0.36844,1.111054,-0.772471
-2.75304,1.429954,-1.064471
-4.06514,0.954354,-1.105071
-4.31614,-0.400346,-0.938471
-3.25134,-1.277746,-0.740871
1.21086,-2.756846,0.257029
1.82966,-2.453946,1.605029
1.92916,-0.938246,1.558229
1.60866,1.773554,-0.069271
1.21476,2.658654,-1.061871
0.03926,2.237454,-1.448671
-1.13144,-2.952646,-1.173071
2.82206,2.064854,0.701029
3.27856,1.370354,1.600429
3.39426,3.261154,0.370129
-0.17224,-0.404946,1.634329
-2.60864,2.503954,-1.169371
-4.89074,1.644254,-1.264471
-5.33414,-0.779946,-0.978871
-3.46054,-2.343746,-0.651071
1.96146,-2.731346,-0.540971
0.70646,-3.727446,0.242229
2.79576,-2.945246,1.748129
1.15736,-2.761246,2.414729
2.04486,-0.511146,2.558429
2.80826,-0.682446,0.955329
-0.56094,2.705654,-2.218171
2.85906,3.888854,-0.220171
4.11586,3.626854,0.971929
-0.233423,2.124113,0.35191
-0.460223,0.733413,0.41191
0.668577,-0.258187,0.47971
1.742577,-0.139487,1.19381
1.920977,1.035213,2.03991
2.075777,2.251013,1.18631
1.097477,2.740913,0.41151
-1.333023,2.986413,0.21011
-2.635723,2.485513,0.16401
-2.851123,1.115013,0.25691
-1.775923,0.237913,0.38041
0.558777,-1.477187,-0.37219
0.965377,-2.721987,0.12581
0.853277,-3.860187,-0.67619
0.334077,-3.759887,-1.96859
-0.076023,-2.520987,-2.46259
0.034877,-1.385987,-1.66309
-0.341623,-0.204087,-2.17439
-4.457223,0.497113,0.21191
2.835677,0.898113,2.62751
1.108177,1.143613,2.76841
3.037377,2.758113,1.21751
1.261277,3.646013,-0.16959
-1.186123,4.064613,0.14821
-3.472023,3.173513,0.06221
-1.969723,-0.829387,0.45411
1.358777,-2.819187,1.13541
1.168477,-4.829087,-0.29139
0.248477,-4.649087,-2.59099
-0.477823,-2.435887,-3.46859
-2.991576,-0.36473,-1.140837
-3.238676,-1.73353,-0.959337
-2.189376,-2.78023,-0.912137
-1.034576,-2.55363,-0.206937
-0.724376,-1.39713,0.633563
-0.643876,-0.17793,-0.225837
-1.691176,0.19807,-1.062937
-4.075676,0.50427,-1.387337
-5.384876,0.02057,-1.409537
-5.617976,-1.32973,-1.203837
-4.564276,-2.20713,-0.991437
-0.063876,-3.62363,-0.024637
0.552724,-3.32713,1.324263
0.586124,-1.80823,1.322863
0.276924,0.87107,-0.329637
-0.087576,1.72997,-1.353237
-1.266476,1.31477,-1.746837
-2.397776,-3.84113,-1.505437
-6.873776,-1.79583,-1.227537
1.466024,1.17047,0.477563
1.841724,0.45077,1.397263
2.132124,2.26817,0.020263
3.407324,2.67737,0.588163
4.473624,1.59577,0.383163
3.260624,3.07127,2.061863
3.818424,3.92247,-0.213437
-1.526076,-1.28913,1.374263
-3.932476,1.57597,-1.520637
-6.219476,0.69567,-1.579537
-4.782576,-3.26563,-0.869037
0.672924,-3.54173,-0.831337
-0.527476,-4.61333,-0.065037
1.541224,-3.77683,1.447663
-0.097276,-3.68573,2.131563
0.661224,-1.41503,2.339063
1.469824,-1.49173,0.757363
-1.860076,1.77497,-2.527737
5.469424,1.95717,0.661363
4.500124,1.27047,-0.663037
4.269924,0.70397,0.983163
4.185024,3.51137,2.451263
3.014524,2.21097,2.691363
2.449424,3.79637,2.192063
4.783824,4.31857,0.118763
3.070324,4.71677,-0.116437
3.887924,3.69187,-1.283137
-0.547494,1.854334,0.273094
-0.690094,0.457734,0.418794
0.481406,-0.494266,0.473594
1.569006,-0.350866,1.161594
1.807306,0.831434,1.993694
1.832806,2.054034,1.151994
0.752706,2.498234,0.360694
-1.695294,2.650734,0.113694
-2.968894,2.078734,0.128494
-3.105994,0.707234,0.311794
-1.980694,-0.102166,0.458594
2.873806,2.890534,1.033094
2.373906,3.813634,0.176094
1.099906,3.641034,-0.252006
0.395906,-1.737266,-0.365006
-0.101594,-1.690366,-1.673706
-0.162694,-2.857766,-2.437506
0.279006,-4.068166,-1.902706
0.788806,-4.115166,-0.605306
0.852906,-2.951166,0.162694
-4.676294,0.002934,0.349694
2.770506,0.704734,2.500594
1.046706,0.909734,2.779694
-1.606894,3.730734,-0.001106
-3.843994,2.713834,0.010894
-2.114894,-1.172766,0.598794
2.932906,4.610934,-0.130506
-0.433294,-0.753866,-2.116706
-0.551394,-2.822366,-3.453906
0.230706,-4.976566,-2.501106
1.138306,-5.059566,-0.191706
1.252906,-2.998266,1.173694
-2.747294,2.459584,0.037913
-2.964994,1.091684,0.152613
-1.892294,0.219584,0.324213
-0.578994,0.717784,0.394013
-0.359194,2.106384,0.341113
-1.448094,2.962984,0.125013
0.547106,-0.269816,0.378713
1.642106,-0.185216,1.060213
1.821706,0.947684,1.954913
2.008006,2.232184,1.097913
0.896506,2.725384,0.461913
0.407706,-1.474416,-0.492787
3.081206,2.844884,1.034413
0.844506,-2.699916,0.032113
0.727106,-3.866416,-0.724087
0.184106,-3.813016,-2.006687
-0.234494,-2.591916,-2.540087
-0.120294,-1.417616,-1.789687
-4.566494,0.469084,0.055413
2.938806,0.751084,2.816313
-0.603694,0.062184,-2.539487
-3.579294,3.144284,-0.110987
-2.086794,-0.848416,0.386513
-1.301494,4.039784,0.051413
0.958106,1.081584,2.616413
0.994506,3.673884,0.110313
1.268706,-2.750816,1.033313
1.059906,-4.817916,-0.312287
0.093506,-4.723216,-2.597387
-0.642394,-2.565516,-3.548687
3.652206,0.494184,2.197413
-0.524525,1.532847,0.458967
-0.716725,0.129547,0.507667
0.357175,-0.913653,0.516467
1.461475,-0.777553,1.276967
1.775975,0.420447,2.113767
1.827675,1.672247,1.318967
0.766675,2.128347,0.556967
-1.640725,2.387547,0.364067
-2.937325,1.874547,0.309767
-3.133525,0.503547,0.358867
-2.042325,-0.358053,0.457967
2.831975,2.524147,1.260367
2.469275,3.542147,0.429367
1.249175,3.300547,-0.016333
0.292475,-2.156453,-0.298133
0.708275,-3.370953,0.266567
0.669975,-4.550053,-0.483633
0.220275,-4.528053,-1.804133
-0.190425,-3.326253,-2.378333
-0.151125,-2.153553,-1.627633
-4.730125,-0.136653,0.301667
-0.536925,-1.007753,-2.211033
0.567875,4.106147,-1.061333
2.229575,-1.550453,1.280667
2.753275,0.264947,2.587767
1.054975,0.511847,2.934967
-1.539325,3.469847,0.386767
-3.783025,2.555547,0.246967
-2.234725,-1.429253,0.496267
1.062175,-3.409453,1.295667
0.992975,-5.488453,-0.035233
0.192575,-5.447853,-2.385833
-0.537625,-3.297653,-3.407433
1.312875,4.623347,-1.675733
-0.069625,4.870347,-0.608033
-0.028625,3.484147,-1.734633
-2.3583,2.100264,0.144314
-2.6007,0.740764,0.325914
-1.5013,-0.102736,0.498514
-0.1809,0.396664,0.500714
0.0609,1.778864,0.369214
-1.0535,2.610564,0.163514
0.9216,-0.613936,0.565814
1.9743,-0.511436,1.310714
2.0892,0.699164,2.124014
2.4143,1.869564,1.205514
1.368,2.368164,0.425514
0.8157,-1.819836,-0.304986
3.5487,2.364364,1.202314
1.1917,-3.076936,0.185814
1.0766,-4.204436,-0.631386
0.5847,-4.081536,-1.932086
0.205,-2.830736,-2.419786
0.3187,-1.706636,-1.605186
1.604,3.610764,-0.306886
-3.8939,0.212664,0.320614
-4.1552,-1.132836,0.531214
-0.0299,-0.513736,-2.110886
-3.1873,2.790364,-0.004186
-1.6775,-1.169436,0.628514
-0.9452,3.687564,0.050714
2.9234,0.571264,2.822714
1.2011,0.897764,2.734214
1.5633,-3.194436,1.201614
1.3681,-5.182536,-0.251286
0.4969,-4.962336,-2.566186
-0.1757,-2.727736,-3.432286
2.6719,3.766864,-0.486986
1.2357,4.451464,0.289014
1.1045,3.579264,-1.280486
-4.6886,0.822964,0.107814
-4.2903,-1.488036,-0.375686
-2.91687,-0.595451,-1.218802
-3.17727,-1.948151,-0.932302
-2.08877,-2.947851,-0.881202
-1.11237,-2.771151,0.052698
-0.53517,-1.572451,0.629498
-0.57917,-0.391451,-0.305602
-1.61547,-0.030751,-1.144002
-3.98947,0.265249,-1.530602
-5.30397,-0.197551,-1.513402
-5.56957,-1.518251,-1.171802
-4.51557,-2.394051,-0.883702
0.34733,0.644649,-0.368702
-0.03017,1.533949,-1.357802
-1.18687,1.102949,-1.798202
-2.10797,-3.898951,-1.656502
-5.08847,-4.340851,-0.297102
1.52903,0.861649,0.476798
1.87373,0.081549,1.355998
2.16403,2.029749,0.180398
-0.95677,-1.353551,1.616998
-3.83917,1.322349,-1.741902
-6.12477,0.480049,-1.740102
-6.60427,-1.853751,-1.137702
-1.75677,1.576749,-2.586902
3.33483,2.457749,0.919198
0.05943,-3.606951,0.241798
0.79973,-2.349651,0.665898
0.43253,-4.077851,-0.671302
-0.08217,-4.355151,1.026498
3.00123,2.702149,2.394998
4.49423,1.469949,0.749498
3.73333,3.796149,0.278398
1.56323,-2.043751,-0.058802
1.26603,-2.416951,1.654398
2.11113,3.333749,2.492998
2.78403,1.769649,2.924598
3.83273,3.188449,2.916598
4.66303,1.247749,-0.310202
5.42223,1.867349,1.174598
4.29283,0.513849,1.241698
3.94793,3.668349,-0.789102
2.91213,4.519349,0.343798
4.61633,4.231149,0.758398
-2.745809,2.089958,0.144309
-3.022109,0.771858,0.473709
-1.969309,-0.113842,0.703809
-0.628609,0.317458,0.596409
-0.345409,1.680858,0.343609
-1.428109,2.543558,0.083809
0.482891,-0.686442,0.651309
1.529091,-0.574542,1.405109
1.646891,0.660158,2.181609
2.000691,1.783658,1.212409
0.982991,2.231358,0.361709
0.422591,-1.862342,-0.267791
3.133991,2.280958,1.219509
0.842091,-3.124842,0.174509
0.769191,-4.224042,-0.685391
0.274691,-4.070642,-1.981391
-0.151009,-2.817542,-2.421391
-0.079509,-1.721242,-1.564691
-0.472609,-0.525542,-2.029791
1.266991,3.402558,-0.465591
-2.409609,-1.720242,1.184609
-4.041409,3.185358,-0.152391
-4.052609,0.434658,0.552809
-1.266409,3.598658,-0.124191
2.471991,0.548158,2.893409
0.754091,0.896158,2.770709
1.213091,-3.274442,1.186009
1.094991,-5.204742,-0.341491
0.219691,-4.929342,-2.648291
-0.534709,-2.690242,-3.429991
2.339691,3.492258,-0.662891
0.943891,4.302358,0.066909
0.757691,3.320058,-1.430991
-2.855661,-0.4753,-1.320622
-3.124361,-1.83,-1.054222
-2.049761,-2.8454,-1.082922
-0.916061,-2.6378,-0.339022
-0.597661,-1.4861,0.499678
-0.520561,-0.2765,-0.377022
-1.544561,0.0683,-1.257022
-3.921061,0.4083,-1.588622
-5.238261,-0.0411,-1.537022
-5.499161,-1.3645,-1.208222
-4.460961,-2.2665,-0.967822
0.033339,-3.724,-0.161222
0.662239,-3.4302,1.183078
0.716339,-1.91,1.174578
0.382739,0.7893,-0.468022
0.030539,1.6215,-1.516222
-1.108761,1.1629,-1.962422
-2.195861,-3.8328,-1.798122
-4.897061,-3.8756,-0.494922
1.524739,1.1178,0.395478
1.880339,0.4187,1.335578
2.098239,2.3023,0.046278
3.192439,2.8644,0.810278
2.756439,3.1919,2.242778
3.533239,4.1772,0.088478
4.425739,1.9549,0.780678
-1.394061,-1.374,1.245278
-3.758061,1.4667,-1.787622
-6.066761,0.6382,-1.719022
-6.779961,-1.754,-1.122522
0.768739,-3.6619,-0.971222
-0.453061,-4.7039,-0.191822
1.644639,-3.8941,1.302678
0.011939,-3.7777,1.994678
0.811239,-1.5088,2.187778
1.595439,-1.6095,0.592078
-1.663661,1.5904,-2.787822
3.527439,3.7602,2.774378
2.554839,2.2881,2.825878
1.829939,3.7773,2.243178
4.355839,4.7099,0.576878
2.661339,4.841,0.055678
3.814139,3.9862,-0.953822
5.300839,2.4569,1.208178
4.663439,1.654,-0.245822
4.269139,1.0333,1.349578
-2.61517,2.459917,0.017677
-2.83267,1.097217,0.180977
-1.76057,0.232617,0.391577
-0.44707,0.732717,0.455177
-0.22807,2.119117,0.352777
-1.31667,2.966217,0.096677
0.67943,-0.255183,0.482977
1.78673,-0.132783,1.138477
1.95723,1.045717,1.985477
2.13193,2.285617,1.125577
1.02403,2.748817,0.465777
0.54033,-1.473383,-0.358323
3.20043,2.903517,1.069777
-4.43337,0.470117,0.096677
0.99503,-2.688883,0.158677
0.87893,-3.865483,-0.575723
0.29893,-3.832683,-1.842523
-0.15977,-2.621983,-2.368923
-0.04237,-1.439583,-1.629523
-0.58187,0.029017,-2.363423
1.54773,-2.745683,1.380277
-3.44607,3.138317,-0.161923
-1.95857,-0.831483,0.493977
-1.17027,4.040017,-0.014023
2.86563,0.915817,2.583877
1.13003,1.175117,2.692977
1.11753,3.688017,0.088577
1.23773,-4.802383,-0.157923
0.20493,-4.748783,-2.423123
-0.60407,-2.609583,-3.362523
-2.788427,-0.565825,-1.17865
-3.030527,-1.934025,-0.97095
-1.936127,-2.930425,-0.99665
-0.829827,-2.722125,-0.21175
-0.543827,-1.568825,0.63395
-0.452627,-0.360225,-0.24145
-1.487627,-0.002725,-1.10275
-3.869527,0.307675,-1.41255
-5.180227,-0.164025,-1.38565
-5.425827,-1.506625,-1.12125
-4.361727,-2.392225,-0.91915
0.097573,-3.815825,0.02355
0.671373,-3.506125,1.39025
0.746373,-1.987225,1.35235
0.474873,0.680475,-0.36385
0.096873,1.538275,-1.38145
-1.066627,1.108275,-1.79135
-2.041127,-3.908825,-1.73105
-4.791227,-4.027425,-0.53805
1.670873,0.961375,0.43745
2.062473,0.245175,1.35235
2.280173,2.121975,0.06155
3.440873,2.444575,0.82665
4.006473,3.722675,0.29275
-1.363527,-1.461625,1.35495
-3.723327,1.375875,-1.56585
-6.011427,0.519675,-1.54415
-6.452927,-1.862625,-1.07565
0.866773,-3.776025,-0.75555
-0.399827,-4.789425,-0.01125
1.641173,-3.980525,1.56105
-0.019027,-3.827025,2.17965
0.822873,-1.560725,2.35655
1.642173,-1.716725,0.78225
-1.645227,1.561175,-2.58595
3.495273,5.053475,0.78115
4.266473,3.639175,-0.75675
3.170173,2.546275,1.88465
4.189573,1.651075,0.71715
2.728473,5.064075,1.54735
3.405873,5.854975,0.05665
4.875973,4.592375,1.16245
5.045173,4.296275,2.19145
5.722673,5.082275,0.69555
-3.173107,-1.22655,-0.985032
-3.435207,-2.58305,-0.712032
-2.364907,-3.60275,-0.625732
-1.331507,-3.37525,0.227768
-0.795907,-2.19465,0.864068
-0.844507,-0.99905,-0.046332
-1.878707,-0.64745,-0.890332
-4.244307,-0.36755,-1.311032
-5.557507,-0.83335,-1.325632
-5.823107,-2.15725,-1.001832
-4.773507,-3.03065,-0.697932
0.070593,0.04725,-0.096532
-0.312107,0.93815,-1.080632
-1.457507,0.49425,-1.535232
-2.433407,-4.61275,-1.320032
-5.235407,-4.63985,-0.244532
1.252593,0.27285,0.743668
1.616493,-0.49945,1.624168
1.883593,1.44375,0.447968
-1.252207,-2.01425,1.843768
-4.095207,0.69235,-1.510932
-6.374307,-0.15505,-1.563132
-6.852507,-2.50795,-0.989332
-2.022707,0.96505,-2.328732
3.029193,1.71105,1.257168
-0.182207,-4.22115,0.476368
0.547393,-2.95835,0.913068
0.222793,-4.70655,-0.414932
-0.363707,-4.95595,1.265268
2.729993,1.77085,2.310668
3.771993,0.91155,1.143668
1.313893,-2.64275,0.195368
1.004593,-3.02405,1.905768
3.639093,3.01585,0.809168
3.675193,4.12565,1.665168
3.253693,4.06225,2.665768
4.248093,5.32845,1.244768
4.269593,6.18405,1.914868
4.787893,5.43405,-0.035532
5.230493,6.37025,-0.364332
4.753393,4.33915,-0.897332
5.165193,4.42045,-1.899432
4.182493,3.13635,-0.478032
4.155293,2.29205,-1.163932
-2.658549,-0.263765,-1.156921
-2.928049,-1.616365,-0.893321
-1.857149,-2.636665,-0.916121
-0.718949,-2.425565,-0.178421
-0.401949,-1.274165,0.660979
-0.323849,-0.062765,-0.212721
-1.348549,0.281035,-1.092421
-3.724349,0.619935,-1.423521
-5.044449,0.175835,-1.372821
-5.315849,-1.147565,-1.044021
-4.267749,-2.043765,-0.808921
0.227751,-3.512865,0.001979
0.856051,-3.218765,1.346279
0.910851,-1.698765,1.336179
0.576051,1.007135,-0.299721
0.221351,1.841035,-1.345821
-0.914449,1.378235,-1.795421
-2.007349,-3.633065,-1.618721
-4.723149,-3.649665,-0.344421
1.718051,1.337935,0.562779
2.084851,0.644235,1.504479
2.296951,2.525735,0.217979
3.399751,2.963335,1.029279
3.465351,4.481435,0.917379
-1.198949,-1.162465,1.406179
-3.559149,1.678035,-1.621521
-5.862349,0.868535,-1.560621
-6.349449,-1.480965,-0.976421
0.962251,-3.452665,-0.808721
-0.259949,-4.491865,-0.026621
1.838851,-3.682565,1.466379
0.205151,-3.563965,2.158579
1.006551,-1.297665,2.349179
1.789751,-1.400765,0.752379
-1.470249,1.804135,-2.621021
2.528251,4.928635,1.266279
3.592951,4.794735,-0.124621
3.233151,2.701635,2.081379
4.688351,2.326635,0.521279
4.288551,4.889535,1.511379
4.641151,1.235435,0.598979
4.847751,2.558135,-0.537721
5.554751,2.675335,1.091279
-2.685453,2.565219,-0.164109
-2.963453,1.221019,-0.004609
-1.926953,0.339119,0.299591
-0.576753,0.763019,0.449891
-0.324953,2.142419,0.359191
-1.380153,3.017019,0.017491
0.447747,-0.345181,0.700191
1.859247,0.039619,0.661891
2.187347,0.991019,1.713791
2.041747,2.403319,1.198391
0.889547,2.804919,0.598691
0.298047,-1.527781,-0.269909
2.933847,3.240219,1.372491
-3.977453,0.850419,-0.129509
-0.218853,-1.337881,-1.563909
-0.330653,-2.409881,-2.450209
0.076947,-3.683381,-2.057909
0.596747,-3.886981,-0.780509
0.710447,-2.816481,0.108891
-3.477653,3.266319,-0.411809
-2.181753,-0.716181,0.396991
-1.198153,4.085419,-0.085309
3.243447,0.856119,1.976891
1.608947,0.859219,2.634591
-0.527853,-0.343881,-1.883609
-0.730253,-2.247881,-3.448009
-0.005353,-4.516381,-2.751109
0.917647,-4.880681,-0.479009
1.123847,-2.995781,1.098691
0.229947,-0.724681,1.709391
2.413147,-0.804781,0.797791
0.927047,3.793419,0.384691
-5.4104,1.912716,0.735675
-5.2082,0.664716,0.137075
-4.0362,-0.026184,0.234275
-3.0921,0.611716,0.967775
-3.3064,1.844416,1.548275
-4.4555,2.549316,1.467775
-1.6864,0.153116,1.272575
-1.1584,1.237016,2.097775
-2.0883,2.258816,2.263275
0.1328,1.136216,2.646475
0.7017,2.153216,3.408675
1.9911,1.992816,3.927775
2.686,0.820916,3.676875
2.0602,-0.147284,2.914175
0.8076,-0.014284,2.398875
-0.9379,0.094816,0.056775
-0.807,-1.143284,-0.475325
-1.3254,-2.149284,-0.002825
-0.0221,-1.147584,-1.608125
0.5917,0.048916,-2.197125
2.0726,-0.192984,-2.550125
2.2569,-1.396584,-3.396325
1.6862,-2.579584,-2.708025
0.1983,-2.384584,-2.359125
-1.9969,3.311016,2.876975
3.6813,-1.609184,-3.672525
4.2695,0.584816,4.292575
-6.3616,2.426816,0.631375
-5.9993,0.194216,-0.439825
-1.6937,-0.774184,1.859275
0.184,3.082316,3.616575
2.4354,2.788116,4.520975
2.556,-1.087284,2.685475
0.5149,0.909516,-1.526525
0.022,0.285716,-3.103925
2.6472,-0.294084,-1.619625
2.4507,0.689916,-3.079125
2.2445,-2.785784,-1.784925
1.7775,-3.460484,-3.354325
-0.3979,-2.313384,-3.276825
-0.1652,-3.250784,-1.796925
3.8184,-2.483084,-4.318825
4.2644,-1.761084,-2.757125
4.098,-0.750184,-4.209825
-3.760612,-1.717494,-1.478312
-4.027312,-3.072194,-1.225712
-2.953812,-4.089994,-1.250912
-1.820112,-3.880694,-0.506012
-1.506012,-2.729294,0.335388
-1.423312,-1.517594,-0.538512
-2.451712,-1.171694,-1.414212
-4.827512,-0.832294,-1.735512
-6.146712,-1.277794,-1.688912
-6.415912,-2.604894,-1.375212
-5.366712,-3.501994,-1.146812
-0.878612,-4.970894,-0.314912
-0.264412,-4.677294,1.036088
-0.200212,-3.157294,1.022088
-0.523412,-0.447794,-0.629012
-0.884112,0.387506,-1.673112
-2.022412,-0.073294,-2.117012
-3.098912,-5.082494,-1.960212
-5.820812,-5.112794,-0.698312
0.623488,-0.110794,0.224688
1.004588,-0.796994,1.166088
1.185488,1.084506,-0.121412
2.252788,1.521806,0.726788
2.640588,2.931606,0.294788
-2.308212,-2.616694,1.074788
-4.662612,0.227806,-1.922812
-6.965312,-0.584094,-1.869312
-7.449112,-2.940494,-1.315112
-0.134412,-4.913794,-1.117012
-1.368312,-5.948694,-0.349412
0.713788,-5.147494,1.169988
-0.927612,-5.015994,1.840788
-0.110112,-2.753094,2.034588
0.684088,-2.866294,0.443088
-2.581912,0.354506,-2.939212
3.762988,3.504106,1.156388
1.756788,3.580406,0.345088
2.942388,2.918306,-0.760112
1.919888,1.527806,1.771288
3.104888,0.841606,0.615788
3.451988,3.512206,2.207888
4.647688,2.859806,1.085288
4.123988,4.923706,0.718488
5.233288,5.508106,1.577388
4.444688,4.919706,-0.329912
3.240588,5.569306,0.785688
5.470688,6.524806,1.248988
4.932988,5.551906,2.629088
6.144488,4.905706,1.504388
6.164488,6.879306,1.792588
5.756188,6.506506,0.343088
4.697388,7.071206,1.326388
-2.649763,2.390686,-0.28604
-2.879863,1.022886,-0.12314
-1.809363,0.147486,0.10166
-0.494063,0.644986,0.18106
-0.266063,2.029686,0.07906
-1.346063,2.884486,-0.19184
0.630237,-0.343514,0.22626
1.725737,-0.222214,0.89926
1.892137,0.950786,1.76006
2.087937,2.195186,0.88646
0.987937,2.652186,0.20526
0.504737,-1.561214,-0.62334
3.148137,2.826786,0.83016
0.955737,-2.779414,-0.09484
0.847137,-3.947414,-0.85024
0.288437,-3.903014,-2.12714
-0.162663,-2.690314,-2.65404
-0.058363,-1.514814,-1.90504
-0.587363,-0.040514,-2.63524
-4.249463,0.497986,-0.20924
-5.179263,1.301286,-0.41274
-4.420863,-0.728114,-0.07384
3.109037,0.697186,2.64406
-3.463963,3.086386,-0.47664
-1.996463,-0.918914,0.20286
-1.188863,3.957086,-0.30224
1.025337,1.095586,2.41716
1.090637,3.588486,-0.17714
1.382437,-2.828214,0.90496
1.195737,-4.894414,-0.44124
0.204737,-4.815214,-2.71584
-0.589963,-2.671714,-3.65464
3.297037,1.549886,3.30506
4.011937,0.531586,2.04516
2.957337,-0.191614,3.26596
-2.466414,0.229733,-1.068195
-2.659314,-1.148167,-0.986195
-1.580114,-2.166267,-0.967895
-0.426214,-2.008467,-0.178195
-0.232814,-0.832167,0.693205
-0.115614,0.394933,-0.192995
-1.181114,0.801133,-0.989595
-3.572914,1.084033,-1.252995
-4.866414,0.566833,-1.327495
-5.067914,-0.803867,-1.234095
-3.972514,-1.652767,-1.073895
0.855486,1.390933,-0.398095
0.422786,2.292633,-1.357795
-0.787314,1.922633,-1.670995
-1.790914,-3.198167,-1.610095
-4.143614,-2.728867,-1.041895
2.148486,1.637533,0.253905
2.640886,0.917433,1.115305
2.716186,2.805633,-0.173695
-1.139514,-0.741967,1.307705
-3.458014,2.165433,-1.304495
-5.715414,1.233833,-1.459095
-6.071114,-1.217767,-1.303695
-1.411514,2.416833,-2.404295
3.934286,3.155633,0.488605
0.104186,-3.320567,0.223705
0.952286,-0.974567,1.659405
0.353686,-3.888567,-0.681195
-0.719114,-3.858267,0.715405
3.761186,3.237933,1.567705
4.693986,2.390733,0.293405
4.400386,4.491933,-0.056195
1.893886,-0.813467,1.123605
0.875986,-0.221567,2.451805
5.333686,4.803433,0.420905
4.557786,4.434633,-1.138295
3.641686,5.262833,0.114105
1.065886,-2.349767,2.287505
1.296886,-3.330867,1.158005
1.911586,-2.374967,2.983605
0.160886,-2.598467,2.853405
1.449486,-4.340667,1.555305
2.206286,-3.066467,0.604805
-2.569986,-0.200545,-1.280206
-2.834386,-1.556045,-1.024106
-1.762886,-2.576845,-1.042806
-0.618386,-2.363245,-0.323006
-0.307186,-1.215645,0.522894
-0.232886,-0.002745,-0.347206
-1.262286,0.348855,-1.216206
-3.639186,0.675155,-1.549206
-4.954886,0.219155,-1.519806
-5.220486,-1.108945,-1.208206
-4.171886,-2.010045,-0.948106
0.325414,-3.452545,-0.136606
0.946014,-3.160545,1.212094
1.002914,-1.640145,1.204194
0.670814,1.061555,-0.437406
0.314914,1.902355,-1.476706
-0.830286,1.450255,-1.915206
-1.954286,-3.587745,-1.712006
-4.517886,-3.438745,-0.587306
1.814414,1.376855,0.426294
2.167514,0.664555,1.357494
2.398314,2.559255,0.086894
3.512214,3.085955,0.846994
3.102914,3.389455,2.292494
3.868314,4.408655,0.151194
4.728614,2.155655,0.780394
-1.106986,-1.108445,1.265694
-3.481286,1.735655,-1.738206
-5.775686,0.906555,-1.714306
-6.256086,-1.448145,-1.169106
1.066114,-3.392545,-0.941906
-0.162186,-4.431345,-0.170206
1.927714,-3.624945,1.337594
0.289114,-3.506545,2.019394
1.093114,-1.240645,2.218594
1.884914,-1.340945,0.625494
-1.392686,1.884655,-2.731506
3.893414,3.927855,2.826094
2.889514,2.477455,2.857794
2.189814,3.994655,2.318194
4.701714,4.918255,0.646194
3.006614,5.086255,0.138694
4.140914,4.237055,-0.896706
5.617714,2.631455,1.208794
4.947814,1.875055,-0.255806
4.561714,1.223955,1.329194
-5.758386,-3.519545,-0.013506
-4.568286,-4.277845,-1.653406
-3.684086,-3.991845,0.336094
-0.539872,1.843537,0.266394
-0.667372,0.444237,0.407594
0.514328,-0.493563,0.476794
1.621728,-0.330363,1.124794
1.863428,0.852038,1.953394
1.851828,2.077538,1.118494
0.751828,2.507137,0.347594
-1.695872,2.626937,0.094794
-2.962672,2.040938,0.083094
-3.085272,0.666637,0.247694
-1.952572,-0.130663,0.407894
2.875828,2.933537,0.990194
2.347228,3.852637,0.147094
1.071128,3.659537,-0.263506
0.416328,-1.742263,-0.335206
0.914028,-2.927963,0.223994
0.833428,-4.121762,-0.493606
0.256328,-4.135263,-1.763006
-0.240972,-2.954763,-2.320706
-0.164772,-1.753763,-1.609606
-4.646672,-0.058163,0.246394
-0.749372,-0.320063,-2.376806
2.839228,0.736737,2.438394
1.120128,0.917337,2.756894
-1.618772,3.708337,-0.015406
-3.842872,2.666737,-0.044906
-2.083972,-1.202663,0.533794
2.887228,4.661837,-0.162306
1.356128,-2.931963,1.218194
1.218228,-5.043863,-0.061006
0.194428,-5.067563,-2.322106
-0.681772,-2.981063,-3.315306
-1.82775,2.446592,0.185775
-2.08175,1.083492,0.353075
-1.00225,0.213892,0.559375
0.32065,0.693992,0.596275
0.55735,2.074592,0.496275
-0.52045,2.934792,0.248675
1.43355,-0.310508,0.620775
2.51605,-0.211908,1.323775
2.68075,0.967392,2.171775
2.90175,2.200692,1.308975
1.81875,2.683392,0.621075
1.31165,-1.524408,-0.251225
3.98445,2.794892,1.273975
0.80215,-1.430208,-1.552725
0.70895,-2.573508,-2.349025
1.13175,-3.807408,-1.854325
1.65445,-3.902008,-0.564725
1.74995,-2.762008,0.235775
-3.92125,0.173392,-1.087925
-3.49455,0.556892,0.320575
-2.64745,3.144792,0.018975
-1.19925,-0.851608,0.673675
-0.36045,4.006792,0.139575
3.57025,0.825892,2.795375
1.83705,1.113392,2.856175
1.93425,3.619792,0.243275
0.48485,-0.474408,-1.964125
0.31025,-2.500708,-3.359625
1.05875,-4.697008,-2.478025
1.98975,-4.864408,-0.182325
2.15995,-2.846208,1.240375
-4.94865,-0.204008,-1.082325
-3.27455,-0.608808,-1.499825
-3.87945,1.034092,-1.764125
-4.17955,1.313092,0.723175
-3.57995,-0.312708,0.983575
-2.601265,2.062062,0.145315
-2.829265,0.700362,0.323715
-1.740165,-0.155238,0.498915
-0.421565,0.346062,0.500315
-0.181165,1.730662,0.368515
-1.295665,2.567162,0.165015
0.682935,-0.662938,0.564915
1.734535,-0.558738,1.310915
1.847735,0.652262,2.123915
2.172735,1.821962,1.204515
1.126335,2.319262,0.423515
0.578635,-1.868538,-0.306585
3.306835,2.317262,1.201215
0.955635,-3.125538,0.184415
0.845035,-4.252438,-0.633985
0.356435,-4.129638,-1.935985
-0.024665,-2.879138,-2.423585
0.084635,-1.755438,-1.607885
1.363735,3.559862,-0.311985
-4.167565,0.182062,0.317915
-5.252365,-0.239738,0.313815
-0.264465,-0.562838,-2.113985
-3.434065,2.749662,0.001915
-1.922965,-1.221138,0.629615
-1.183065,3.644262,0.055315
2.681635,0.525362,2.823215
0.959035,0.850462,2.733215
1.323535,-3.243838,1.201415
1.137035,-5.230438,-0.253785
0.272035,-5.010038,-2.570885
-0.402865,-2.776138,-3.437085
2.431535,3.711762,-0.496285
1.000535,4.402762,0.284115
0.860535,3.528562,-1.283685
-2.856978,-0.475,-1.326976
-3.125878,-1.8271,-1.054476
-2.042278,-2.8358,-1.098476
-0.917978,-2.6334,-0.338176
-0.607478,-1.4795,0.499924
-0.524478,-0.2731,-0.380476
-1.545978,0.0681,-1.265076
-3.920978,0.4107,-1.592676
-5.241378,-0.0293,-1.530576
-5.516278,-1.3485,-1.187076
-4.467978,-2.2478,-0.951476
0.036422,-3.7137,-0.161076
0.653922,-3.4211,1.188724
0.702722,-1.9006,1.183924
0.378822,0.7922,-0.472576
0.031222,1.6199,-1.526076
-1.107878,1.161,-1.972376
-2.171278,-3.811,-1.834076
-5.053078,-4.1817,-0.336376
1.517322,1.1234,0.394324
1.869822,0.4293,1.339424
2.094722,2.3051,0.040724
3.193022,2.864,0.801424
2.761222,3.1971,2.233524
3.538522,4.1729,0.075924
4.421222,1.948,0.770724
-1.408878,-1.3653,1.239724
-3.753278,1.4672,-1.796376
-6.058278,0.6647,-1.717776
-6.554678,-1.665,-1.110176
0.774922,-3.6427,-0.967276
-0.444178,-4.6957,-0.198676
1.637622,-3.8813,1.315224
-0.002078,-3.7717,1.994224
0.790422,-1.5003,2.198124
1.584822,-1.5976,0.607324
-1.662378,1.5861,-2.798976
3.534722,3.7654,2.761024
2.559022,2.2961,2.820224
1.836322,3.7849,2.233624
4.365122,4.7024,0.561424
2.670022,4.8413,0.044524
3.816022,3.9786,-0.966676
5.299322,2.445,1.197424
4.656322,1.6468,-0.256276
4.260022,1.027,1.338724
-2.621037,2.460143,0.081607
-2.835337,1.092843,0.198907
-1.761537,0.224043,0.384507
-0.448637,0.722443,0.470607
-0.233237,2.112643,0.408707
-1.323837,2.965443,0.178807
0.681863,-0.263557,0.470107
1.796863,-0.152157,1.114607
1.975063,1.004443,1.988007
2.135163,2.266743,1.160407
1.017163,2.744043,0.529807
0.534763,-1.481057,-0.377593
3.200363,2.890343,1.109607
-4.433837,0.464443,0.088107
0.002063,-1.381757,-1.671593
-0.126937,-2.526457,-2.463993
0.277763,-3.768257,-1.975193
0.814263,-3.870657,-0.692093
0.946863,-2.731657,0.107807
1.582963,-2.944957,1.702907
-0.497237,0.124943,-2.359193
-3.452937,3.142243,-0.077993
-1.962037,-0.841957,0.449607
-1.179237,4.042243,0.100507
2.890863,0.861943,2.572007
1.156363,1.112843,2.708907
1.103563,3.693643,0.177807
-0.539237,-2.459557,-3.469093
0.175763,-4.657257,-2.595393
1.123363,-4.846157,-0.321193
-3.003802,-0.341798,-1.10518
-3.239502,-1.714398,-0.94678
-2.181702,-2.755098,-0.90018
-1.034402,-2.527798,-0.18108
-0.739902,-1.371498,0.66492
-0.655302,-0.151998,-0.19368
-1.708202,0.229902,-1.02018
-4.093102,0.521102,-1.34348
-5.399702,0.028402,-1.38488
-5.629702,-1.328998,-1.20398
-4.562202,-2.197798,-0.99708
-0.067602,-3.598198,0.02192
0.515498,-3.300498,1.38622
0.558798,-1.780798,1.37572
0.275698,0.886102,-0.31358
-0.104302,1.759002,-1.31938
-1.292202,1.355102,-1.69518
-2.376402,-3.812698,-1.50298
-7.237502,-1.940198,-1.25508
1.490698,1.163202,0.46132
1.882198,0.431402,1.36432
2.155598,2.257202,-0.00578
3.450998,2.645702,0.52862
3.353098,3.026602,2.00962
3.852898,3.894102,-0.27258
4.500298,1.555102,0.28392
-1.554002,-1.269498,1.39302
-3.959402,1.596302,-1.45718
-6.227102,0.714802,-1.55168
-4.755802,-3.263998,-0.89178
0.689498,-3.514298,-0.76598
-0.528702,-4.588498,-0.02958
1.496998,-3.757298,1.53862
-0.158602,-3.649798,2.17742
0.622198,-1.376998,2.38912
1.451298,-1.474498,0.81882
-1.897502,1.827802,-2.45998
4.294198,3.452502,2.37352
3.118098,2.162802,2.63872
2.554698,3.759302,2.17172
4.833598,4.274002,0.03312
3.118798,4.696802,-0.14178
3.884498,3.675902,-1.34648
5.507298,1.905902,0.53442
4.492598,1.236102,-0.76448
4.307098,0.661502,0.88492
-0.025759,2.359821,-0.630434
0.080341,0.954221,-0.124034
1.201541,0.363421,0.184566
2.298441,1.167721,0.031566
2.331241,2.476821,-0.403434
1.102741,3.072621,-0.749434
3.612241,0.844921,0.284266
4.382741,1.886621,0.021966
3.575141,2.913621,-0.411634
-1.195859,0.190521,0.006666
-2.385359,0.805721,0.412466
-3.554059,0.052821,0.541166
-3.540859,-1.316879,0.271166
-2.358059,-1.953179,-0.132834
-1.184459,-1.188979,-0.250134
4.031941,-0.485079,0.776066
-2.332359,-3.437379,-0.395734
-1.973959,-4.163279,0.706166
-1.450159,-3.801979,-1.375834
-3.538559,-3.946979,-0.792034
-0.984759,2.773521,-0.915334
1.088541,4.091821,-1.118734
-2.420559,1.864821,0.657066
-4.476859,0.534121,0.861766
-4.462059,-1.889079,0.383366
-0.257259,-1.675979,-0.552134
5.117741,-0.519979,0.908066
3.752041,-1.267879,0.064166
3.566241,-0.706479,1.741266
-2.325134,2.472884,0.048053
-2.564534,1.110584,0.223353
-1.498334,0.230684,0.425353
-0.177134,0.714784,0.462353
0.059466,2.097784,0.362253
-1.017834,2.960384,0.111953
0.938066,-0.287516,0.486153
2.020066,-0.187816,1.188953
2.184866,0.990784,2.037853
2.404266,2.224684,1.175653
1.320566,2.706284,0.487653
0.817166,-1.500716,-0.385647
3.486166,2.820684,1.141153
0.306466,-1.405216,-1.686447
0.211666,-2.548516,-2.482647
0.633266,-3.782916,-1.987947
1.156866,-3.878216,-0.698547
1.254566,-2.738416,0.101653
-3.943234,0.576384,0.175753
-4.193534,-0.617616,0.325653
-3.146934,3.164584,-0.125147
-1.695834,-0.833816,0.535753
-0.856134,4.031784,0.000353
3.074966,0.849384,2.660653
1.341366,1.135884,2.722553
1.436666,3.642784,0.110353
-0.008934,-0.449016,-2.098047
-0.187134,-2.475616,-3.493047
0.558866,-4.672516,-2.611447
1.490966,-4.841216,-0.316447
1.665166,-2.822516,1.105953
-4.746734,1.311284,-0.004047
-2.766333,2.053633,0.164152
-2.975133,0.689833,0.300152
-1.893533,-0.169067,0.462052
-0.578933,0.336533,0.496152
-0.346333,1.727533,0.392952
-1.465433,2.563933,0.206752
0.533267,-0.665667,0.544752
1.604367,-0.563367,1.261952
1.724667,0.632833,2.093352
2.023367,1.820333,1.191852
0.958467,2.325133,0.442952
0.415267,-1.879067,-0.311848
3.153767,2.323633,1.177052
-4.574633,0.057433,0.257752
-0.102833,-1.778067,-1.611848
-0.204633,-2.918167,-2.414848
0.213367,-4.157367,-1.931248
0.736467,-4.261567,-0.642948
0.841767,-3.127167,0.167752
1.463167,-3.345567,1.768152
-0.612133,-0.273367,-2.297448
1.178167,3.576433,-0.280148
-3.604833,2.734033,0.033552
-2.086533,-1.234067,0.560352
-1.358233,3.643833,0.123752
2.571367,0.499333,2.775752
0.845567,0.813533,2.721852
-0.605133,-2.849367,-3.424748
0.132767,-5.042767,-2.559748
1.056767,-5.235067,-0.276248
2.242267,3.739733,-0.475148
0.815167,4.409333,0.329952
0.664667,3.552633,-1.246748
-0.817768,1.208286,0.403665
-1.064268,-0.181014,0.496665
0.045932,-1.192314,0.575065
1.093632,-1.095514,1.330965
1.272132,0.096586,2.158265
1.512932,1.303086,1.312365
0.534032,1.799486,0.470865
-1.936868,2.060286,0.273865
-3.243468,1.564086,0.262965
-3.460668,0.199086,0.389165
-2.383768,-0.673614,0.509665
-0.051768,-2.413914,-0.289235
-5.067668,-0.416414,0.394365
2.715132,1.977686,1.301665
2.958532,3.062486,0.537165
1.952532,3.474186,-0.254035
0.741432,2.890386,-0.308435
2.176432,4.693286,-1.093235
-0.552268,-2.335714,-1.595235
-0.624668,-3.486014,-2.383935
-0.191368,-4.711014,-1.876735
0.321332,-4.789814,-0.582235
0.396632,-3.643014,0.210465
2.134632,-0.078814,2.812565
0.422332,0.250286,2.835865
-1.794968,3.138886,0.195665
-4.078668,2.253986,0.166865
-2.574668,-1.739414,0.614965
3.546432,1.656086,1.926065
1.588232,4.639086,-2.014335
3.232232,4.784986,-1.365635
1.876932,5.584786,-0.534735
-0.877568,-1.387814,-2.018035
-1.015668,-3.425514,-3.398335
-0.248368,-5.606014,-2.494435
0.664332,-5.745514,-0.189635
0.798632,-3.715614,1.219065
-0.152574,2.172187,0.192881
-0.414974,0.785587,0.309381
0.610926,-0.236413,0.370981
1.859626,-0.061213,0.977081
2.017726,1.154487,1.827881
2.203026,2.360287,0.970981
1.110026,2.788387,0.276781
-1.211974,3.064687,-0.060419
-2.534274,2.627687,-0.104219
-2.810474,1.286387,0.100481
-1.770874,0.378987,0.304281
0.340826,-1.483713,-0.304119
-0.280974,-1.510513,-1.565619
-0.533474,-2.721313,-2.217519
-0.163874,-3.924413,-1.623119
0.463226,-3.917913,-0.380119
0.718126,-2.707113,0.271681
-4.440574,0.734387,0.084981
3.264226,2.989287,0.936781
2.815026,-0.840313,0.858581
2.904426,1.030687,2.460381
1.166326,1.279287,2.504881
1.208026,3.718487,-0.123619
-1.019174,4.129387,-0.191119
-3.333874,3.343287,-0.278919
-2.031374,-0.666413,0.461581
-0.553974,-0.587813,-2.074919
-1.013774,-2.721613,-3.194519
-0.360674,-4.867213,-2.130319
0.753626,-4.857013,0.087781
1.191726,-2.740513,1.251181
-2.439686,2.612697,0.658925
-2.653486,1.249397,0.821525
-1.578886,0.388597,1.034125
-0.267186,0.892697,1.101025
-0.051986,2.279197,0.997325
-1.142686,3.122997,0.739225
0.861514,-0.093103,1.135325
1.967314,0.032697,1.793325
2.133514,1.215497,2.635225
2.306814,2.452297,1.770525
1.198414,2.912197,1.109425
0.722014,-1.318903,0.291125
3.374614,3.071297,1.712825
-4.251986,0.617497,0.733625
1.187014,-2.522003,0.841625
1.083714,-3.700503,0.112425
0.516614,-3.680803,-1.161575
0.044514,-2.485103,-1.729175
0.139414,-1.271703,-1.002975
-0.516686,-2.487703,-3.016975
-0.980386,-1.309603,-3.601175
-0.888586,-0.111203,-2.905675
-0.334886,-0.091203,-1.623875
-3.272386,3.288497,0.477825
-1.770986,-0.677103,1.132325
-0.999286,4.196997,0.627825
3.041114,1.090297,3.235725
1.304914,1.345797,3.340825
1.290214,3.850597,0.729725
1.621214,-2.547203,1.839125
1.441614,-4.637703,0.534625
0.446714,-4.617703,-1.714675
-0.595386,-3.416303,-3.582375
-1.411386,-1.330203,-4.600475
-1.247186,0.811797,-3.357875
-0.278186,0.866997,-1.108775
-2.615823,2.46471,0.068017
-2.839323,1.10271,0.231017
-1.769923,0.23201,0.430217
-0.453523,0.72631,0.478317
-0.228523,2.11181,0.382917
-1.314323,2.96521,0.137917
0.668277,-0.26779,0.491517
1.766877,-0.15769,1.164717
1.938677,1.01641,2.018917
2.128277,2.25901,1.164117
1.027477,2.73251,0.499117
0.532777,-1.47579,-0.365783
3.201977,2.86821,1.116417
-4.443923,0.48431,0.159417
0.011577,-1.37509,-1.656183
-0.107523,-2.50299,-2.465883
0.303077,-3.74759,-1.985983
0.832477,-3.85619,-0.698983
0.947877,-2.72159,0.102817
1.437877,-2.86229,1.344117
-0.373423,-0.18789,-2.148783
-3.445023,3.14761,-0.102483
-1.969223,-0.83209,0.532517
-1.163623,4.03871,0.031317
2.842177,0.87791,2.622717
1.107577,1.14801,2.721217
1.128477,3.67291,0.126517
-0.515923,-2.40779,-3.468583
0.211877,-4.63159,-2.614683
1.152777,-4.82199,-0.316483
